-0.1514   
-0.1514
   -0.1269   
-0.1187
   -0.0641
    0.0384
   -0.0926
   -0.0741
    0.0617
    0.0571
    0.0658
    0.0136
   -0.2831
    0.0703
   -0.0241
    0.0669
    0.0380
   -0.2322
   -0.2629
    0.0076
    0.0594
    0.0278
   -0.0039
   -0.0247
    0.0903
    0.0413
   -0.0522
    0.1749
   -0.0781
   -0.1278
    0.2165
    0.1960
   -0.0058
    0.1162
    0.0629
   -0.0271
    0.0534
    0.0881
   -0.1712
   -0.0122
   -0.1401
   -0.0406
    0.1065
    0.1371
   -0.1265
   -0.0014
    0.1005
   -0.0351
    0.2540
   -0.0902
   -0.0165
    0.0217
   -0.0566
    0.0810
    0.0067
   -0.0586
   -0.0393
   -0.0588
    0.1200
    0.0797
    0.0200
   -0.0205
   -0.0223
   -0.0956
    0.0966
    0.0384
    0.2898
    0.0020
    0.0114
    0.0733
   -0.0319
    0.0482
    0.0004
    0.0370
    0.1419
    0.1056
   -0.1425
    0.2148
   -0.0217
    0.0310
    0.0238
   -0.1238
   -0.0274
    0.0781
    0.0331
    0.0744
    0.0001
    0.0483
    0.1989
   -0.0146
   -0.1535
    0.1491
   -0.0445
    0.0360
    0.0615
   -0.1597
    0.0496
   -0.1651
    0.0038
    0.0047
   -0.0576
    0.1693
    0.1543
    0.0617
   -0.0602
   -0.0314
   -0.0016
    0.0827
   -0.1451
    0.0159
   -0.2275
    0.0608
    0.1350
    0.0754
   -0.0625
    0.1741
   -0.1025
    0.0946
    0.0162
    0.2140
   -0.0617
   -0.0492
   -0.0114
    0.0033
   -0.0567
   -0.0992
    0.1982
    0.1503
    0.0310
    0.0529
    0.0133
    0.1569
    0.0578
    0.1264
   -0.0009
   -0.1039
    0.0325
    0.0247
   -0.1320
   -0.0300
   -0.0324
   -0.0415
   -0.0185
    0.0054
    0.1409
    0.0478
   -0.0056
    0.0878
    0.0298
    0.1889
   -0.0591
   -0.0023
    0.0529
    0.0478
    0.2019
    0.0875
    0.0535
    0.0647
   -0.0396
   -0.0637
    0.0850
   -0.0621
   -0.0887
   -0.1037
   -0.1603
    0.2635
   -0.0361
    0.0410
   -0.0498
   -0.1227
    0.1518
    0.2710
   -0.0283
    0.0788
   -0.0214
    0.0032
    0.1252
   -0.2327
    0.1203
    0.0613
    0.2140
    0.0122
    0.2080
   -0.0570
   -0.0829
    0.0054
    0.0280
   -0.0939
   -0.0428
   -0.0683
   -0.0610
    0.0033
   -0.0283
   -0.1256
    0.0437
   -0.0360
    0.0180
    0.1282
   -0.0693
    0.0264
   -0.0930
    0.0996
    0.1527
   -0.0985
   -0.1110
   -0.0691
   -0.0419
   -0.0015
   -0.0523
   -0.0279
   -0.0467
    0.1635
   -0.0307
    0.0177
   -0.1083
   -0.0583
   -0.0865
   -0.0028
    0.1333
    0.0486
    0.0756
    0.2474
    0.1763
    0.1064
    0.0244
   -0.0405
   -0.2158
    0.1060
    0.1706
    0.0489
   -0.0173
    0.0344
   -0.1957
    0.0525
    0.2037
    0.0026
   -0.0470
   -0.0363
   -0.0429
    0.2241
   -0.0185
    0.0331
   -0.1203
    0.0614
    0.0769
   -0.0085
   -0.3224
   -0.0645
    0.1300
    0.1342
    0.0239
   -0.0996
   -0.1063
    0.0749
    0.1115
    0.1240
    0.0534
    0.0153
    0.0258
    0.0189
   -0.0330
    0.0140
   -0.0126
    0.0516
   -0.0704
    0.1695
    0.0745
   -0.1154
   -0.0627
   -0.0515
    0.0322
    0.0823
    0.2578
    0.0757
    0.0950
    0.0828
    0.0521
   -0.1070
   -0.0597
   -0.0057
    0.0979
    0.2277
   -0.0964
    0.0686
    0.0943
    0.0908
   -0.0517
    0.0726
   -0.0923
    0.0482
    0.0232
   -0.1315
    0.0754
    0.1376
    0.1624
    0.0540
    0.1347
   -0.0034
    0.0632
   -0.1870
    0.0038
   -0.0657
    0.0496
    0.0608
   -0.1099
   -0.0398
    0.0987
   -0.0390
   -0.0755
    0.1982
    0.0842
    0.0667
   -0.1469
   -0.0218
    0.0206
   -0.0600
    0.2321
   -0.0307
    0.1033
    0.0577
    0.1478
    0.1192
   -0.1520
   -0.0804
    0.0679
   -0.0297
    0.0795
   -0.0140
   -0.1131
    0.1925
    0.0451
    0.0792
    0.0937
   -0.0122
   -0.1281
   -0.0777
    0.0041
   -0.0184
    0.1114
    0.3092
   -0.1577
    0.0368
   -0.0567
    0.0072
    0.2438
    0.1159
    0.0638
    0.0029
    0.1116
    0.0154
    0.0706
    0.0828
    0.1416
    0.1799
   -0.1028
    0.0391
    0.0121
    0.0635
    0.0343
    0.1634
    0.0577
    0.0072
    0.1060
   -0.0424
   -0.0225
    0.2332
    0.0218
    0.1436
    0.0030
   -0.0663
   -0.0650
    0.0236
    0.0224
   -0.0437
    0.0179
    0.0840
    0.0683
   -0.1086
    0.0060
   -0.0708
    0.1001
    0.1645
   -0.0474
   -0.0168
    0.0152
    0.0115
   -0.1006
    0.0636
   -0.1096
    0.0378
    0.0484
    0.2338
    0.0898
    0.0553
   -0.0331
    0.0778
   -0.0516
    0.1069
    0.1000
    0.1338
    0.1495
    0.1208
    0.0242
    0.0310
    0.1375
   -0.0013
    0.0642
   -0.0300
    0.0541
   -0.1440
   -0.1364
    0.1741
    0.0711
   -0.1439
   -0.0127
   -0.1150
    0.1101
    0.0775
    0.0581
   -0.0097
    0.1481
    0.2870
    0.0974
   -0.0011
   -0.0350
    0.1866
    0.2713
   -0.0389
    0.1458
    0.0166
   -0.0258
    0.1500
    0.0139
   -0.0767
    0.0221
    0.0368
    0.1086
    0.0870
    0.1979
    0.0468
    0.0632
    0.2408
   -0.0367
    0.0235
   -0.0082
    0.0333
    0.1274
    0.0508
    0.0948
   -0.0124
   -0.0519
    0.0688
   -0.1067
   -0.0856
    0.0486
   -0.0794
    0.1027
    0.1623
   -0.0096
    0.0855
    0.3147
    0.0241
    0.1383
    0.0177
    0.1379
    0.0917
    0.0517
    0.0570
   -0.0456
   -0.0549
    0.0152
    0.0403
    0.0920
    0.1061
    0.1342
    0.0937
    0.1398
    0.0470
    0.3117
    0.1429
    0.0831
    0.1032
    0.1832
   -0.0277
    0.0391
    0.0346
    0.2454
   -0.0333
    0.1235
    0.0905
   -0.0121
    0.0454
    0.2871
    0.0376
    0.1599
    0.1953
    0.0351
    0.1693
   -0.0927
    0.2878
   -0.0541
    0.0923
    0.0957
    0.2040
    0.0754
    0.0086
    0.2445
    0.0212
    0.1094
   -0.0207
    0.1777
   -0.0570
    0.1758
    0.0378
   -0.1254
    0.1254
    0.0573
    0.1368
    0.0001
    0.1917
   -0.0713
    0.3361
    0.0178
    0.2180
    0.1443
    0.1578
    0.0726
    0.1384
    0.1218
    0.1736
    0.1665
    0.0518
    0.0063
    0.1712
    0.1225
    0.1063
    0.0914
    0.0734
    0.1970
    0.1027
    0.1989
    0.0609
    0.1883
    0.0905
    0.2306
    0.2549
   -0.0102
    0.1224
    0.1927
    0.2333
    0.1547
    0.1225
    0.1838
   -0.0600
    0.0726
    0.1627
    0.0744
    0.0950
    0.0241
    0.1113
    0.1229
    0.0788
    0.0491
    0.2147
    0.0555
    0.2898
    0.1372
    0.2738
   -0.0439
    0.0462
   -0.0015
    0.0187
    0.1009
    0.0946
    0.0545
   -0.0108
    0.0772
    0.2905
   -0.0599
   -0.0716
    0.0471
    0.0794
    0.0765
    0.2441
    0.1827
    0.0289
    0.1689
    0.1589
    0.0420
    0.1281
    0.1050
    0.2139
    0.2303
    0.1018
    0.1651
    0.2515
    0.2192
    0.1780
    0.2180
    0.0220
    0.2297
    0.0853
    0.0643
    0.0772
    0.2509
    0.1706
    0.3668
    0.1372
    0.1019
    0.2154
    0.0192
    0.3316
    0.1153
    0.0652
    0.3026
    0.3142
    0.0669
    0.2978
    0.2104
    0.1207
    0.2005
    0.0368
    0.3712
    0.0902
    0.1495
    0.1091
    0.0668
    0.1683
    0.0721
    0.2262
    0.3492
    0.0767
   -0.0220
    0.1026
    0.2258
    0.1889
   -0.0173
    0.1159
    0.1189
    0.1744
    0.1498
    0.1082
    0.1687
    0.2894
    0.2739
    0.0490
    0.0662
    0.2198
    0.2406
    0.1096
    0.2793
    0.0723
    0.2628
    0.0249
    0.2468
    0.3291
    0.2679
    0.1332
    0.1472
    0.1497
    0.0382
    0.2521
    0.1339
    0.0522
    0.2069
    0.0110
    0.0217
    0.1108
    0.2999
    0.3654
    0.0800
    0.1370
    0.2365
    0.0627
    0.2884
    0.1560
    0.1134
    0.2544
    0.1325
   -0.0312
    0.1065
    0.1899
    0.0494
    0.2495
    0.2853
    0.1589
    0.3132
    0.1835
    0.1536
    0.2070
    0.3212
    0.2578
    0.2537
    0.2045
    0.2998
    0.2865
    0.4008
    0.2813
    0.2605
    0.1281
    0.3219
    0.0974
    0.2866
    0.1317
    0.1758
    0.2522
    0.2654
    0.3175
    0.2361
    0.4913
    0.3304
    0.3242
    0.2372
    0.2938
    0.3662
    0.1643
    0.2060
    0.2333
    0.1752
    0.2523
    0.2388
    0.1876
    0.2321
    0.3266
    0.0863
    0.3321
    0.1716
    0.2857
    0.3173
    0.1534
    0.2764
    0.1662
    0.3169
    0.1024
    0.3363
    0.1066
    0.3115
    0.4270
    0.1619
    0.3848
    0.2526
    0.2607
    0.1458
    0.1774
    0.3445
    0.4248
    0.2309
    0.1007
    0.1254
    0.3293
    0.3210
    0.2343
    0.2430
    0.2896
    0.2199
    0.0631
    0.3079
    0.3850
    0.0466
    0.5033
    0.1888
    0.1101
    0.2849
    0.1497
    0.1921
    0.1772
    0.3717
    0.2143
    0.1825
    0.2791
    0.4558
    0.4153
    0.2836
    0.3349
    0.4226
    0.3531
    0.1363
    0.2745
    0.1825
    0.2263
    0.1039
    0.3438
    0.4371
    0.3667
    0.2103
    0.1318
    0.2840
    0.3322
    0.1105
    0.2567
    0.2063
    0.1184
    0.4135
    0.1525
    0.4429
    0.2805
    0.3190
    0.1377
    0.2902
    0.4089
    0.2428
    0.1536
    0.3009
    0.2775
    0.4053
    0.3472
    0.1058
    0.2231
    0.4356
    0.5315
    0.2761
    0.3562
    0.4642
    0.1432
    0.1821
    0.4126
    0.3963
    0.4147
    0.1698
    0.2608
    0.1305
    0.4395
    0.3006
    0.0619
    0.1534
    0.2138
    0.3244
    0.3764
    0.2271
    0.3229
    0.2509
    0.2950
    0.3003
    0.3041
    0.1917
    0.4460
    0.1646
    0.2022
    0.1841
    0.2040
    0.1465
    0.3172
    0.4833
    0.2780
    0.4378
    0.2716
    0.2480
    0.1527
    0.1281
    0.2213
    0.1913
    0.3108
    0.3805
    0.2465
    0.2921
    0.2974
    0.3569
    0.3259
    0.1745
    0.1713
    0.1739
    0.2669
    0.3183
    0.3270
    0.1725
    0.3225
    0.2266
    0.4118
    0.4908
    0.3710
    0.1516
    0.2610
    0.2240
    0.2210
    0.2863
    0.3182
    0.2151
    0.2092
    0.3729
    0.4533
    0.2981
    0.2489
    0.3448
    0.2231
    0.3930
    0.2711
    0.1515
    0.2993
    0.2451
    0.1328
    0.1785
    0.2120
    0.4474
    0.2286
    0.4015
    0.2529
    0.3642
    0.3990
    0.3888
    0.2993
    0.5257
    0.1553
    0.4160
    0.4543
    0.1823
    0.2807
    0.4184
    0.2469
    0.3839
    0.2134
    0.1698
    0.2899
    0.3052
    0.3419
    0.3794
    0.2211
    0.2448
    0.1967
    0.2615
    0.4667
    0.4547
    0.2956
    0.2814
    0.4434
    0.4856
    0.4934
    0.2133
    0.2772
    0.1626
    0.2794
    0.2857
    0.2327
    0.3670
    0.4923
    0.3693
    0.3796
    0.3510
    0.3175
    0.3343
    0.2947
    0.3294
    0.4971
    0.2372
    0.5779
    0.3479
    0.3207
    0.5017
    0.2840
    0.2858
    0.3751
    0.1852
    0.1895
    0.3931
    0.4774
    0.3917
    0.4760
    0.2925
    0.2111
    0.4044
    0.3913
    0.2475
    0.3628
    0.3961
    0.3603
    0.2411
    0.3812
    0.2971
    0.4167
    0.1966
    0.4100
    0.5531
    0.3322
    0.4025
    0.3539
    0.6056
    0.3442
    0.2469
    0.4029
    0.4524
    0.2280
    0.5041
    0.3688
    0.3500
    0.3876
    0.2994
    0.3807
    0.4212
    0.2897
    0.4001
    0.5272
    0.2140
    0.2023
    0.3982
    0.3516
    0.3114
    0.2898
    0.3545
    0.4975
    0.2296
    0.2501
    0.6027
    0.2945
    0.3831
    0.2365
    0.3113
    0.3257
    0.3727
    0.3970
    0.2806
    0.2907
    0.3305
    0.2238
    0.2914
    0.3836
    0.3378
    0.2192
    0.4156
    0.4563
    0.3329
    0.4264
    0.3934
    0.3056
    0.4431
    0.3244
    0.2019
    0.5007
    0.3763
    0.2649
    0.3037
    0.4771
    0.5158
    0.2965
    0.3750
    0.2977
    0.3381
    0.3022
    0.3605
    0.3167
    0.3572
    0.3672
    0.2953
    0.4015
    0.2365
    0.5260
    0.4667
    0.3099
    0.2778
    0.4424
    0.3356
    0.3853
    0.5655
    0.4262
    0.3533
    0.4311
    0.3610
    0.4989
    0.4012
    0.3444
    0.4498
    0.2994
    0.4823
    0.3424
    0.5461
    0.2932
    0.1907
    0.5018
    0.3675
    0.3546
    0.5473
    0.5008
    0.5378
    0.3420
    0.3407
    0.3630
    0.3768
    0.3804
    0.3712
    0.2853
    0.6185
    0.4112
    0.4164
    0.2539
    0.4388
    0.6232
    0.2572
    0.3196
    0.3637
    0.1609
    0.1693
    0.3139
    0.4935
    0.4406
    0.3179
    0.3759
    0.4375
    0.5286
    0.1545
    0.2781
    0.3276
    0.3122
    0.1876
    0.2672
    0.2423
    0.3386
    0.4844
    0.1805
    0.4201
    0.5091
    0.4108
    0.4465
    0.2944
    0.1136
    0.4244
    0.2137
    0.2975
    0.4530
    0.4794
    0.4339
    0.1840
    0.5518
    0.2887
    0.3784
    0.1400
    0.3525
    0.3849
    0.4763
    0.1999
    0.3013
    0.4237
    0.4760
    0.4326
    0.3292
    0.3024
    0.2780
    0.5664
    0.2929
    0.2368
    0.3469
    0.3884
    0.5229
    0.3377
    0.4394
    0.3357
    0.4054
    0.3481
    0.4557
    0.3228
    0.5598
    0.2019
    0.4080
    0.2710
    0.2305
    0.3292
    0.5087
    0.3109
    0.2903
    0.3963
    0.3680
    0.6125
    0.3350
    0.1168
    0.3671
    0.4030
    0.5709
    0.4202
    0.3185
    0.4525
    0.2259
    0.4208
    0.4337
    0.3626
    0.2751
    0.2989
    0.3376
    0.2799
    0.3013
    0.5553
    0.2360
    0.4123
    0.3886
    0.3959
    0.4244
    0.3504
    0.3434
    0.4156
    0.4050
    0.3424
    0.3209
    0.2817
    0.3700
    0.3159
    0.3191
    0.4962
    0.4006
    0.4482
    0.1747
    0.2847
    0.3132
    0.3140
    0.3615
    0.4361
    0.3089
    0.4180
    0.3235
    0.4185
    0.1712
    0.3533
    0.4331
    0.2692
    0.2638
    0.4590
    0.2576
    0.3110
    0.4845
    0.3018
    0.3711
    0.3639
    0.3912
    0.3990
    0.3789
    0.4991
    0.2980
    0.3098
    0.2716
    0.5532
    0.3808
    0.3300
    0.5034
    0.4759
    0.2376
    0.4634
    0.5912
    0.2524
    0.4065
    0.3470
    0.3269
    0.3977
    0.4481
    0.2803
    0.4554
    0.2405
    0.2994
    0.3690
    0.3612
    0.4249
    0.3107
    0.3402
    0.3811
    0.3814
    0.5025
    0.1786
    0.3772
    0.4253
    0.3481
    0.4964
    0.2622
    0.3910
    0.4817
    0.1414
    0.3419
    0.2807
    0.4629
    0.3051
    0.4193
    0.4627
    0.2896
    0.4395
    0.4239
    0.3901
    0.2699
    0.3834
    0.4257
    0.4833
    0.4277
    0.6304
    0.4118
    0.3019
    0.3719
    0.2092
    0.3098
    0.3522
    0.2425
    0.1992
    0.4334
    0.1893
    0.4581
    0.4490
    0.2939
    0.1879
    0.2334
    0.4215
    0.4312
    0.2668
    0.3100
    0.5292
    0.4789
    0.2294
    0.3496
    0.3617
    0.4614
    0.7159
    0.2288
    0.4864
    0.4850
    0.4557
    0.3787
    0.3683
    0.4694
    0.4581
    0.4123
    0.3469
    0.4386
    0.3749
    0.3249
    0.3092
    0.5345
    0.4133
    0.5615
    0.5396
    0.3267
    0.3787
    0.2903
    0.4463
    0.5203
    0.4338
    0.2301
    0.4171
    0.4128
    0.3783
    0.5977
    0.1766
    0.3149
    0.3775
    0.2943
    0.1395
    0.3814
    0.2768
    0.3698
    0.4730
    0.2482
    0.3479
    0.4956
    0.2479
    0.2432
    0.4429
    0.2889
    0.3890
    0.5869
    0.2405
    0.4830
    0.4567
    0.5731
    0.2026
    0.3347
    0.2680
    0.3060
    0.4798
    0.2974
    0.5578
    0.3942
    0.2949
    0.3657
    0.4534
    0.4214
    0.5726
    0.2985
    0.3166
    0.3789
    0.5689
    0.3261
    0.5890
    0.4536
    0.5717
    0.3045
    0.2237
    0.3611
    0.3516
    0.3050
    0.3409
    0.3923
    0.3629
    0.5062
    0.5556
    0.1590
    0.3525
    0.2758
    0.3075
    0.4681
    0.4194
    0.2673
    0.3387
    0.4982
    0.3251
    0.2950
    0.3243
    0.5007
    0.4586
    0.4229
    0.5757
    0.4901
    0.1372
    0.4293
    0.3464
    0.3770
    0.4209
    0.3352
    0.3819
    0.3641
    0.4963
    0.2925
    0.3454
    0.4624
    0.3313
    0.3167
    0.4525
    0.5187
    0.3974
    0.4788
    0.3079
    0.3240
    0.2893
    0.3585
    0.3211
    0.2948
    0.1397
    0.2765
    0.2862
    0.4117
    0.2368
    0.3271
    0.3830
    0.2960
    0.3896
    0.4103
    0.3522
    0.2256
    0.5882
    0.3235
    0.2985
    0.4206
    0.3327
    0.4607
    0.3944
    0.3099
    0.4251
    0.5279
    0.3602
    0.5194
    0.3807
    0.5249
    0.3803
    0.3726
    0.4233
    0.4447
    0.2092
    0.5147
    0.2251
    0.4433
    0.3190
    0.4016
    0.2537
    0.3830
    0.3030
    0.2780
    0.3619
    0.3414
    0.4106
    0.1676
    0.3561
    0.3042
    0.4544
    0.4433
    0.4195
    0.4379
    0.3013
    0.3487
    0.3271
    0.2970
    0.3073
    0.3831
    0.6297
    0.5551
    0.2301
    0.5082
    0.3003
    0.3473
    0.4331
    0.3841
    0.4099
    0.4211
    0.2498
    0.4543
    0.4731
    0.5656
    0.4373
    0.3861
    0.4768
    0.4721
    0.3377
    0.3723
    0.2074
    0.3957
    0.4179
    0.2555
    0.4900
    0.3441
    0.5822
    0.3964
    0.2900
    0.3955
    0.3127
    0.3574
    0.3005
    0.4091
    0.4387
    0.4084
    0.3024
    0.2815
    0.4234
    0.5181
    0.4034
    0.5707
    0.1348
    0.3361
    0.3205
    0.6231
    0.3557
    0.3440
    0.3067
    0.3719
    0.4675
    0.3925
    0.3117
    0.3165
    0.5636
    0.2879
    0.3891
    0.4907
    0.3347
    0.3628
    0.2985
    0.5674
    0.5505
    0.5179
    0.2708
    0.2738
    0.5043
    0.4293
    0.2786
    0.3723
    0.4221
    0.3508
    0.2894
    0.2895
    0.4330
    0.3666
    0.5422
    0.2758
    0.2783
    0.5260
    0.4039
    0.5229
    0.3387
    0.3426
    0.3550
    0.5757
    0.4878
    0.3314
    0.6295
    0.4517
    0.4634
    0.4744
    0.3525
    0.3497
    0.2000
    0.4642
    0.1372
    0.5037
    0.4089
    0.4898
    0.2648
    0.3926
    0.4606
    0.3403
    0.4840
    0.3582
    0.2445
    0.5370
    0.3044
    0.3695
    0.3131
    0.4323
    0.3250
    0.3861
    0.3681
    0.3379
    0.3327
    0.3475
    0.3385
    0.6647
    0.5011
    0.3343
    0.4404
    0.4142
    0.4259
    0.4212
    0.2923
    0.2753
    0.3327
    0.4054
    0.4129
    0.3471
    0.4663
    0.2515
    0.2152
    0.4340
    0.3689
    0.4355
    0.3842
    0.4445
    0.4615
    0.4268
    0.4097
    0.4814
    0.5197
    0.3051
    0.5420
    0.3601
    0.1990
    0.5741
    0.1967
    0.5388
    0.4134
    0.3997
    0.3447
    0.4924
    0.3055
    0.4784
    0.4472
    0.4925
    0.3247
    0.2162
    0.3786
    0.3175
    0.4660
    0.4647
    0.3265
    0.3027
    0.3841
    0.3307
    0.4856
    0.4437
    0.4552
    0.5369
    0.4187
    0.4396
    0.4064
    0.4033
    0.5239
    0.1796
    0.1607
    0.3606
    0.4602
    0.5294
    0.4308
    0.3715
    0.2898
    0.3264
    0.4149
    0.2384
    0.3006
    0.3145
    0.3591
    0.2836
    0.5147
    0.4529
    0.3949
    0.1542
    0.5516
    0.4657
    0.5387
    0.4215
    0.2531
    0.3864
    0.4645
    0.3745
    0.3730
    0.2584
    0.5325
    0.3840
    0.4812
    0.5054
    0.4671
    0.3919
    0.4977
    0.4131
    0.5006
    0.3986
    0.5222
    0.3265
    0.3656
    0.5894
    0.4470
    0.4329
    0.3464
    0.3221
    0.3004
    0.3405
    0.1444
    0.4112
    0.3942
    0.4046
    0.3454
    0.2501
    0.3897
    0.5154
    0.5784
    0.3448
    0.4430
    0.6500
    0.4475
    0.4348
    0.6607
    0.5591
    0.5688
    0.3607
    0.3200
    0.5054
    0.4015
    0.4014
    0.7623
    0.4026
    0.4115
    0.4681
    0.3625
    0.5211
    0.3411
    0.6502
    0.2738
    0.4829
    0.3987
    0.6085
    0.5597
    0.4277
    0.4177
    0.2070
    0.7089
    0.4449
    0.4456
    0.2049
    0.4892
    0.5344
    0.3659
    0.5536
    0.5476
    0.4907
    0.4871
    0.5364
    0.3736
    0.3208
    0.3115
    0.5048
    0.5470
    0.4510
    0.3622
    0.4286
    0.4361
    0.5472
    0.3619
    0.5531
    0.4452
    0.5530
    0.6989
    0.4542
    0.5415
    0.2907
    0.4660
    0.5179
    0.5442
    0.5930
    0.3433
    0.5956
    0.5277
    0.6509
    0.3890
    0.4621
    0.3539
    0.5510
    0.5192
    0.2817
    0.6556
    0.6003
    0.5590
    0.3554
    0.6664
    0.6196
    0.3717
    0.6076
    0.4039
    0.5668
    0.4116
    0.5451
    0.3080
    0.3169
    0.5262
    0.3691
    0.4623
    0.3599
    0.3396
    0.7126
    0.5420
    0.5530
    0.4080
    0.2987
    0.5923
    0.4263
    0.5492
    0.3254
    0.4971
    0.4455
    0.4001
    0.5798
    0.4901
    0.6459
    0.4050
    0.6435
    0.3755
    0.7116
    0.4338
    0.4707
    0.5569
    0.3638
    0.4914
    0.5540
    0.5062
    0.0780
    0.5310
    0.4109
    0.5160
    0.4541
    0.5422
    0.4960
    0.2963
    0.6533
    0.3794
    0.3521
    0.5056
    0.4543
    0.2772
    0.3347
    0.5552
    0.4463
    0.4859
    0.4705
    0.5815
    0.4222
    0.4441
    0.6590
    0.4745
    0.4861
    0.4923
    0.4728
    0.4589
    0.2385
    0.4565
    0.7022
    0.4012
    0.4419
    0.5067
    0.4883
    0.4262
    0.4041
    0.3444
    0.5900
    0.4874
    0.4565
    0.4345
    0.7001
    0.4815
    0.4965
    0.6994
    0.5473
    0.4082
    0.3441
    0.6143
    0.4189
    0.5255
    0.4115
    0.5052
    0.5657
    0.4544
    0.4461
    0.5608
    0.5635
    0.3332
    0.6100
    0.6956
    0.5419
    0.6162
    0.4257
    0.4167
    0.5387
    0.4514
    0.5571
    0.3032
    0.5248
    0.5815
    0.6214
    0.2337
    0.6812
    0.5127
    0.4929
    0.6543
    0.4910
    0.5769
    0.3814
    0.6291
    0.6726
    0.4874
    0.6158
    0.5757
    0.4567
    0.4700
    0.5926
    0.4110
    0.5678
    0.7074
    0.5286
    0.4183
    0.5929
    0.5161
    0.8159
    0.5099
    0.4868
    0.6013
    0.6781
    0.6357
    0.5289
    0.4007
    0.6548
    0.6303
    0.3591
    0.6239
    0.5750
    0.5253
    0.6365
    0.4580
    0.5399
    0.5891
    0.4779
    0.4869
    0.5664
    0.3882
    0.6718
    0.5974
    0.6895
    0.6510
    0.6521
    0.6265
    0.5286
    0.4837
    0.4464
    0.4965
    0.4616
    0.4843
    0.5224
    0.6368
    0.6077
    0.4844
    0.6146
    0.5802
    0.5255
    0.4664
    0.6070
    0.5768
    0.6057
    0.4373
    0.7505
    0.5497
    0.5799
    0.7185
    0.6622
    0.4586
    0.6046
    0.7593
    0.6573
    0.6063
    0.7922
    0.4319
    0.5276
    0.5281
    0.5864
    0.6398
    0.6428
    0.7040
    0.5525
    0.6505
    0.4002
    0.6475
    0.6269
    0.4177
    0.7367
    0.4528
    0.4804
    0.6552
    0.5123
    0.7386
    0.6155
    0.6464
    0.6745
    0.6067
    0.5972
    0.7951
    0.4910
    0.6617
    0.5855
    0.5873
    0.4945
    0.6184
    0.6163
    0.7101
    0.5854
    0.6445
    0.6980
    0.7056
    0.5407
    0.7498
    0.4746
    0.6898
    0.6011
    0.6763
    0.6901
    0.7465
    0.5631
    0.6212
    0.6068
    0.6186
    0.6050
    0.7716
    0.5052
    0.6733
    0.5804
    0.4900
    0.6305
    0.8512
    0.4364
    0.7467
    0.6830
    0.7175
    0.5931
    0.5890
    0.6582
    0.7329
    0.6501
    0.7217
    0.5046
    0.5996
    0.6224
    0.6535
    0.5191
    0.5203
    0.5420
    0.5002
    0.4898
    0.7718
    0.7410
    0.7615
    0.6504
    0.7097
    0.5102
    0.5469
    0.7122
    0.5426
    0.7115
    0.4822
    0.4722
    0.6025
    0.5105
    0.6822
    0.7645
    0.5344
    0.6649
    0.7464
    0.6950
    0.8376
    0.6994
    0.5166
    0.6210
    0.5305
    0.4249
    0.5897
    0.6509
    0.6168
    0.4171
    0.7516
    0.6894
    0.6418
    0.6045
    0.4197
    0.6361
    0.6828
    0.6298
    0.6962
    0.5308
    0.5188
    0.5856
    0.7213
    0.6472
    0.5282
    0.6708
    0.6476
    0.6897
    0.5244
    0.3922
    0.7407
    0.5335
    0.4786
    0.7859
    0.6822
    0.5387
    0.4983
    0.6475
    0.6743
    0.5783
    0.5733
    0.8158
    0.7497
    0.7444
    0.6972
    0.6478
    0.5995
    0.6995
    0.7514
    0.6116
    0.8274
    0.5975
    0.6606
    0.5944
    0.8757
    0.7868
    0.4933
    0.5021
    0.8047
    0.5719
    0.5914
    0.7079
    0.6885
    0.5469
    0.6060
    1.0112
    0.5270
    0.7014
    0.7167
    0.6704
    0.7240
    0.5549
    0.6325
    0.7704
    0.5440
    0.7308
    0.5059
    0.6106
    0.6836
    0.7643
    0.5982
    0.6436
    0.5061
    0.7014
    0.5537
    0.6653
    0.6372
    0.7234
    0.8054
    0.6894
    0.5896
    0.7555
    0.6347
    0.6594
    0.8258
    0.5075
    0.7296
    0.4975
    0.7396
    0.5589
    0.7994
    0.8050
    0.4821
    0.7212
    0.8222
    0.7375
    0.6882
    0.6516
    0.5707
    0.7560
    0.5768
    0.5722
    0.6198
    0.8718
    0.7247
    0.6661
    0.6625
    0.4900
    0.6362
    0.7541
    0.7053
    0.5949
    0.7335
    0.6328
    0.9495
    0.6284
    0.7540
    0.6821
    0.6186
    0.7694
    0.5795
    0.8590
    0.7109
    0.7933
    0.7321
    0.4191
    0.7605
    0.7050
    0.7154
    0.5693
    0.8113
    0.5290
    0.8094
    0.6015
    0.6966
    0.4827
    0.5453
    0.6375
    0.6770
    0.7831
    0.6723
    0.5780
    0.6166
    0.7550
    0.7535
    0.8293
    0.6819
    0.7204
    0.7041
    0.7962
    0.6752
    0.5219
    0.6851
    0.5537
    0.7022
    0.6872
    0.8315
    0.7228
    0.9056
    0.6890
    0.7027
    0.6902
    0.7021
    0.6265
    0.6356
    0.8526
    0.6118
    0.7744
    0.8290
    0.8025
    0.6681
    0.8356
    0.7195
    0.8398
    0.7888
    0.5539
    0.8778
    0.5946
    0.7146
    0.8411
    0.6637
    0.7054
    0.5855
    0.7246
    0.8218
    0.8675
    0.5258
    0.6387
    0.5981
    0.5182
    0.7228
    0.9128
    0.8925
    0.6072
    0.7397
    0.6650
    0.4857
    0.6061
    0.5892
    0.9214
    0.8257
    0.7646
    0.4535
    0.7642
    0.8235
    0.7287
    0.7385
    0.6750
    0.7008
    0.7544
    0.8776
    0.7173
    0.8437
    0.7227
    0.5874
    0.7718
    0.6343
    0.7232
    0.5425
    0.9487
    0.6734
    0.7369
    0.6444
    0.7301
    0.6997
    0.7169
    0.7721
    0.7715
    0.7415
    0.6248
    0.8822
    0.5586
    0.8310
    0.7641
    0.6328
    0.8687
    0.7676
    0.7217
    0.6462
    0.6437
    0.7352
    0.5645
    0.7145
    0.6093
    0.4511
    0.7271
    0.9313
    0.7192
    0.7551
    0.7601
    0.7557
    0.9242
    0.8249
    0.8569
    0.7177
    0.8185
    0.6918
    1.0280
    0.8088
    0.8926
    0.6759
    0.7226
    0.6094
    0.6864
    0.8139
    0.8558
    0.7250
    0.7836
    0.5239
    0.5392
    0.7749
    0.5952
    0.6903
    0.4883
    0.7477
    0.7248
    0.6786
    0.8475
    0.7604
    0.6349
    0.7752
    0.6605
    0.5832
    0.9381
    0.8328
    0.6276
    0.7093
    0.6413
    0.7343
    0.8935
    0.9666
    0.7538
    0.7265
    0.7873
    0.6400
    0.5849
    0.8840
    0.8262
    0.5376
    0.6764
    0.7215
    0.8090
    0.6226
    0.7682
    0.7183
    0.6832
    0.6801
    0.6994
    0.7876
    0.7406
    0.8353
    0.8084
    0.8691
    0.7827
    0.6888
    0.7407
    0.8925
    0.6102
    0.8171
    0.6392
    0.6724
    0.6033
    0.7366
    0.6469
    0.8573
    0.7197
    0.9407
    0.6393
    0.5851
    0.7046
    0.6854
    0.7399
    0.7986
    0.8067
    0.6185
    0.7910
    0.8614
    0.7159
    0.8794
    0.6802
    0.6441
    0.6885
    0.8256
    0.7513
    0.7155
    0.7953
    0.6804
    0.7908
    0.9004
    0.7533
    0.8345
    0.7182
    0.7726
    0.6703
    0.8541
    0.5869
    0.7722
    0.8691
    0.9064
    0.8912
    0.6669
    0.8042
    0.8246
    0.5181
    0.7671
    0.7271
    0.8208
    0.7457
    0.7034
    0.8920
    0.6399
    0.7443
    0.7151
    0.6844
    0.8157
    0.8372
    0.7315
    0.9066
    0.9127
    0.6509
    0.7271
    0.7120
    0.7102
    0.5724
    0.7152
    0.7982
    0.8329
    0.8017
    0.7899
    0.7915
    0.7024
    0.6948
    0.7613
    0.6584
    0.6569
    0.7014
    0.7930
    0.9226
    0.9087
    0.6974
    0.7249
    0.8393
    0.7968
    0.6998
    0.7539
    0.6562
    0.7558
    0.9682
    0.6645
    0.5968
    0.8008
    0.6999
    0.7766
    0.7312
    0.8730
    0.6711
    0.7951
    0.8350
    0.7124
    0.8647
    0.6694
    0.7493
    0.9569
    0.6727
    0.6795
    0.6437
    0.7878
    0.7406
    0.6291
    0.7499
    0.5725
    0.6628
    0.7569
    0.7466
    0.7914
    0.7255
    0.6940
    0.7436
    0.6820
    0.6451
    0.8209
    0.6794
    0.6338
    0.8863
    0.6100
    0.7650
    0.8077
    0.7522
    0.9628
    0.8609
    0.8055
    0.8040
    0.7613
    0.5390
    0.6342
    0.9116
    0.7185
    0.6584
    0.7321
    0.8614
    0.7399
    0.5828
    0.7958
    0.6736
    0.7210
    0.8002
    0.6178
    0.6603
    0.6143
    0.7709
    0.5387
    0.5802
    0.8278
    0.8022
    0.7434
    0.7706
    0.7896
    0.6611
    0.8910
    0.6688
    0.8716
    0.6448
    0.5822
    0.6184
    0.7264
    0.7025
    0.8357
    0.6839
    0.9262
    0.6799
    0.7834
    0.8747
    0.8738
    0.7240
    0.6877
    0.6580
    0.6898
    0.6072
    0.8209
    0.9287
    0.7824
    0.8519
    0.5527
    0.8777
    0.7888
    0.5251
    0.7576
    0.6660
    0.7067
    0.5949
    0.7699
    0.6504
    0.8452
    0.7897
    0.6655
    0.6440
    0.6972
    0.7733
    0.7478
    0.9106
    0.9940
    0.7646
    0.8779
    0.9256
    0.5855
    0.7284
    0.8002
    0.5939
    0.7299
    0.8853
    0.7886
    0.9520
    0.7753
    0.7558
    0.7247
    0.7041
    0.9174
    0.6271
    0.8034
    0.7900
    0.6437
    0.7349
    0.8510
    0.7040
    0.7249
    0.6982
    0.8415
    0.8352
    0.6313
    0.6208
    0.7415
    0.6384
    0.8064
    0.8127
    0.7381
    0.7449
    0.6419
    0.7096
    0.7210
    0.7341
    0.8164
    0.7104
    0.8767
    0.8614
    0.7379
    0.7317
    0.8503
    0.8474
    0.6288
    0.6816
    0.7338
    0.7279
    0.7523
    0.7341
    0.6288
    0.5136
    0.9307
    0.7510
    0.7884
    0.9016
    0.7468
    0.8110
    0.6857
    0.7400
    0.6036
    0.6801
    0.6863
    0.6883
    0.6340
    0.8373
    0.6604
    0.6980
    0.7484
    0.8178
    0.8409
    0.7012
    0.6195
    0.7229
    0.6138
    0.7800
    0.8319
    0.6977
    0.7421
    0.7824
    0.8398
    0.7501
    0.7346
    0.7722
    0.9200
    0.6423
    0.9316
    0.8738
    0.7395
    0.8503
    0.7990
    0.7627
    0.6176
    0.7401
    0.6482
    0.5505
    0.8426
    0.6504
    0.7425
    0.6900
    0.7372
    0.9714
    0.4893
    0.7399
    0.5843
    0.7207
    0.6363
    0.6834
    0.6574
    0.6511
    0.6505
    0.7802
    0.6441
    0.6287
    0.6111
    0.7308
    0.6221
    0.8707
    0.6723
    0.8654
    0.6334
    0.8182
    0.6222
    0.6457
    0.8941
    0.8147
    0.8368
    0.6488
    0.6237
    0.8556
    0.7146
    0.7185
    0.7532
    0.7138
    0.8328
    0.7140
    0.7391
    0.6985
    0.8190
    0.9691
    0.6620
    0.7445
    0.6770
    0.6006
    0.7108
    0.7305
    0.7242
    0.6255
    0.7906
    0.8126
    0.7231
    0.8399
    0.7796
    0.8754
    0.8092
    0.7062
    0.7153
    0.8055
    0.7426
    0.6957
    0.8036
    0.8558
    0.6504
    0.7995
    0.7351
    0.7109
    0.7191
    0.6278
    0.5234
    0.7308
    0.7601
    0.6042
    0.8812
    0.9415
    0.8359
    0.7049
    0.5982
    0.6843
    0.7643
    0.7707
    0.7614
    0.8305
    0.7709
    0.7018
    0.8748
    0.7234
    0.7446
    0.7233
    0.6080
    0.7904
    0.7719
    0.7159
    0.8626
    0.6381
    0.8262
    0.7840
    0.6617
    0.8783
    0.9145
    0.5415
    0.7016
    0.6855
    0.7460
    0.6008
    0.8625
    0.7203
    0.8442
    0.6561
    0.7078
    0.6980
    0.6471
    0.7333
    0.8372
    0.7025
    0.7278
    0.7056
    0.5509
    0.7034
    0.5497
    0.6343
    0.6080
    0.7810
    0.7618
    0.7444
    0.6610
    0.6012
    0.8052
    0.7621
    0.7240
    0.6132
    0.6103
    0.7993
    1.0227
    0.9558
    0.7593
    0.6720
    0.7768
    0.6304
    0.5837
    0.8806
    0.8388
    0.8632
    0.5656
    0.6849
    0.6550
    0.7826
    0.7579
    0.5866
    0.5246
    0.6807
    0.6378
    0.7678
    0.9312
    0.9245
    0.7364
    0.6546
    0.9393
    0.7106
    0.7297
    0.5906
    0.6688
    0.7383
    0.7018
    0.8195
    0.7093
    0.5797
    0.6196
    0.7229
    0.8421
    0.7465
    0.7351
    0.7222
    0.7396
    0.9884
    0.6976
    0.8483
    0.7240
    0.7077
    0.5961
    0.6524
    0.7991
    0.8755
    0.8480
    0.7922
    0.6942
    0.7329
    0.8391
    0.7422
    0.6477
    0.8766
    0.8180
    0.7362
    0.7712
    0.6807
    0.6658
    0.9212
    0.7111
    0.6926
    0.7662
    0.6729
    0.9072
    0.7334
    0.5668
    0.7675
    0.8478
    0.7807
    0.7950
    0.6378
    0.6485
    0.5960
    0.7285
    0.7529
    0.7499
    0.9799
    0.6690
    0.5699
    0.6932
    0.6784
    0.6658
    0.8494
    0.5714
    0.7127
    0.8751
    0.7327
    0.5591
    0.6283
    0.8508
    0.7112
    0.8478
    0.5986
    0.6912
    0.7005
    0.7300
    0.7324
    0.8627
    0.6348
    0.5932
    0.5821
    0.7670
    0.6242
    0.7361
    0.7759
    0.7048
    0.8797
    0.6098
    0.7442
    0.6974
    0.6544
    0.8480
    0.8772
    0.6052
    0.7705
    0.6836
    0.5423
    0.6535
    0.7244
    0.5960
    0.9049
    0.5983
    0.7848
    0.6263
    0.6878
    0.5241
    0.5800
    0.7059
    0.7128
    0.8358
    0.7442
    0.6462
    0.7745
    0.5977
    0.7218
    0.6180
    0.7462
    0.5360
    0.7609
    0.6265
    0.8353
    0.5620
    0.6293
    0.7285
    0.7374
    0.5762
    0.5079
    0.7297
    0.7723
    0.7046
    0.7427
    0.7644
    0.5932
    0.5871
    0.5379
    0.6348
    0.6416
    0.5831
    0.5886
    0.7110
    0.7579
    0.8632
    0.7286
    0.6706
    0.6457
    0.6300
    0.6098
    0.7274
    0.7958
    0.7180
    0.8703
    0.5884
    0.5929
    0.5699
    0.7114
    0.7123
    0.6638
    0.6416
    0.8193
    0.6189
    0.7746
    0.8920
    0.5649
    0.7276
    0.6942
    0.5561
    0.8000
    0.7952
    0.8076
    0.4991
    0.7556
    0.6618
    0.4898
    0.7396
    0.6252
    0.6088
    0.5666
    0.6935
    0.6657
    0.4981
    0.6989
    0.7311
    0.7341
    0.6807
    0.6607
    0.6763
    0.5413
    0.8926
    0.7811
    0.6410
    0.8162
    0.5633
    0.8893
    0.4509
    0.7440
    0.5835
    0.4926
    0.6230
    0.9042
    0.7742
    0.6973
    0.6348
    0.7087
    0.5515
    0.7909
    0.6916
    0.5350
    0.6867
    0.6847
    0.6640
    0.7273
    0.6562
    0.6333
    0.5830
    0.5942
    0.6324
    0.6112
    0.7987
    0.6761
    0.6727
    0.7206
    0.7173
    0.6642
    0.7664
    0.7775
    0.7603
    0.4692
    0.6048
    0.8309
    0.6748
    0.5721
    0.6412
    0.6455
    0.6890
    0.8286
    0.4559
    0.7834
    0.7461
    0.6022
    0.6257
    0.7691
    0.7073
    0.7441
    0.6811
    0.4682
    0.8082
    0.6853
    0.5764
    0.6614
    0.7814
    0.7575
    0.7986
    0.7207
    0.7010
    0.4506
    0.6578
    0.6765
    0.6322
    0.5501
    0.8312
    0.7043
    0.6949
    0.6101
    0.7252
    0.7442
    0.5625
    0.5984
    0.6391
    0.7353
    0.6873
    0.6984
    0.7383
    0.5301
    0.5506
    0.5850
    0.7408
    0.6564
    0.5635
    0.5850
    0.6952
    0.8177
    0.7083
    0.5638
    0.6063
    0.6752
    0.6040
    0.6234
    0.6976
    0.6766
    0.7361
    0.8673
    0.8367
    0.7196
    0.7571
    0.8642
    0.7380
    0.6528
    0.6162
    0.6795
    0.7325
    0.5997
    0.5608
    0.7160
    0.8508
    0.6999
    0.6006
    0.6388
    0.6760
    0.8182
    0.7353
    0.7977
    0.7623
    0.6033
    0.4953
    0.5756
    0.7744
    0.7164
    0.6687
    0.7450
    0.5722
    0.7184
    0.7284
    0.6367
    0.5480
    0.6791
    0.6794
    0.8560
    0.5683
    0.8200
    0.4595
    0.7867
    0.7337
    0.8493
    0.5181
    0.6195
    0.6120
    0.5176
    0.6049
    0.7144
    0.7620
    0.7066
    0.7180
    0.8189
    0.6058
    0.6846
    0.6893
    0.8022
    0.6620
    0.7303
    0.6420
    0.7902
    0.7713
    0.7366
    0.6576
    0.5403
    0.7171
    0.7594
    0.6522
    0.6012
    0.5333
    0.6645
    0.7768
    0.6564
    0.6927
    0.8015
    0.8390
    0.6187
    0.7025
    0.5024
    0.7798
    0.6055
    0.7332
    0.6371
    0.6001
    0.7579
    0.7289
    0.5939
    0.6564
    0.6963
    0.7940
    0.4961
    0.6919
    0.7328
    0.6120
    0.7999
    0.6921
    0.7842
    0.7106
    0.6267
    0.6541
    0.6241
    0.7545
    0.7424
    0.8578
    0.6871
    0.7171
    0.7051
    0.7229
    0.6227
    0.6752
    0.7221
    0.8268
    0.5279
    0.8372
    0.6625
    0.7049
    0.7170
    0.8264
    0.6386
    0.5495
    0.7295
    0.6672
    0.7096
    0.5792
    0.4728
    0.8088
    0.6293
    0.6710
    0.6949
    0.6759
    0.7935
    0.7950
    0.4935
    0.5989
    0.6960
    0.6980
    0.5337
    0.5938
    0.7824
    0.6949
    0.7079
    0.7739
    0.6602
    0.6414
    0.6418
    0.7312
    0.8061
    0.7560
    0.5736
    0.8928
    0.6351
    0.9570
    0.8277
    0.6069
    0.5693
    0.7087
    0.8428
    0.7641
    0.5997
    0.5758
    0.6054
    0.6334
    0.6484
    0.8329
    0.6333
    0.7843
    0.6513
    0.6683
    0.9421
    0.7568
    0.7203
    0.5438
    0.7527
    0.4572
    0.6807
    0.6210
    0.6429
    0.7791
    0.7747
    0.7045
    0.7337
    0.8073
    0.5725
    0.7787
    0.8227
    0.6320
    0.7982
    0.7193
    0.7857
    0.6953
    0.7084
    0.6336
    0.7277
    0.7149
    0.5413
    0.6781
    0.5864
    0.7347
    0.5918
    0.6095
    0.6895
    0.3285
    0.6972
    0.5869
    0.6939
    0.7506
    0.6468
    0.7574
    0.8614
    0.6185
    0.6256
    0.6857
    0.6247
    0.6829
    0.7454
    0.7523
    0.6852
    0.6857
    0.7050
    0.6430
    0.7607
    0.6224
    0.6302
    0.6720
    0.7189
    0.7866
    0.9273
    0.6424
    0.7857
    0.7323
    0.5998
    0.5431
    0.7023
    0.5932
    0.5798
    0.7070
    0.8510
    0.6681
    0.6399
    0.7632
    0.6232
    0.6727
    0.7171
    0.5128
    0.6965
    0.8788
    0.7784
    0.7888
    0.8900
    0.6684
    0.5831
    0.5777
    0.5035
    0.6355
    0.8004
    0.4657
    0.6339
    0.8693
    0.8691
    0.6152
    0.5956
    0.7393
    0.7837
    0.7107
    0.6922
    0.5312
    0.6193
    0.5412
    0.5185
    0.6365
    0.7126
    0.6483
    0.5799
    0.8538
    0.8205
    0.6227
    0.8412
    0.8672
    0.5692
    0.5671
    0.8532
    0.6957
    0.6388
    0.7262
    0.6748
    0.6146
    0.6380
    0.8324
    0.8043
    0.6699
    0.6992
    0.4783
    0.7470
    0.5904
    0.7566
    0.7874
    0.7732
    0.7872
    0.7105
    0.5722
    0.8492
    0.7936
    0.7222
    0.8850
    0.6721
    0.8314
    0.7426
    0.6661
    0.6673
    0.7776
    0.6527
    0.7881
    0.7329
    0.9700
    0.6160
    0.7282
    0.6081
    0.7530
    0.4794
    0.7353
    0.7717
    0.6194
    0.7327
    0.6603
    0.7298
    0.6685
    0.5875
    0.6139
    0.7883
    0.6801
    0.7445
    0.7523
    0.8834
    0.6022
    0.5779
    0.6983
    0.5178
    0.7635
    0.9338
    0.8517
    0.4903
    0.6617
    0.7674
    0.6603
    0.5367
    0.6447
    0.7482
    0.6045
    0.7472
    0.6476
    0.8694
    0.7905
    0.6714
    0.8628
    0.8642
    0.7391
    0.6795
    0.5997
    0.7769
    0.9113
    0.7367
    0.8690
    0.9632
    0.5159
    0.6322
    0.8704
    0.6813
    0.8608
    0.6123
    0.7007
    0.5670
    0.6942
    0.7302
    0.7049
    0.5922
    0.7596
    0.8231
    0.6254
    0.6220
    0.7235
    0.4086
    0.5710
    0.8253
    0.7071
    0.7186
    0.6546
    0.6830
    0.8092
    0.6658
    0.7347
    0.6926
    0.7718
    0.7345
    0.6286
    0.7631
    0.5805
    0.7461
    0.6120
    0.7168
    0.7923
    0.8718
    0.7747
    0.7097
    0.5893
    0.5617
    0.6540
    0.6157
    0.7796
    0.6794
    0.7572
    0.5044
    0.8465
    0.7357
    0.7299
    0.6499
    0.8190
    0.7246
    0.5725
    0.6171
    0.5266
    0.8106
    0.7678
    0.7212
    0.5960
    0.8802
    0.7639
    0.8122
    0.8153
    0.8551
    0.7940
    0.8559
    0.7253
    0.7834
    0.7591
    0.6417
    0.6663
    0.9656
    0.6894
    0.8541
    0.8938
    0.6481
    0.8480
    0.6615
    0.8501
    0.8171
    0.7576
    0.6400
    0.7725
    0.6724
    0.6617
    0.5076
    0.8140
    0.7259
    0.6296
    0.7675
    0.7097
    0.5329
    0.7901
    0.7951
    0.7081
    0.6780
    0.9317
    0.7524
    0.7479
    0.6815
    0.7351
    0.8090
    0.6493
    0.6964
    0.6830
    0.7610
    0.7512
    0.8150
    0.6671
    0.6954
    0.5206
    0.7605
    0.6416
    0.8515
    0.9101
    0.8580
    0.6611
    0.7897
    0.6634
    0.8838
    0.7181
    0.7265
    0.7218
    0.5827
    0.6092
    0.4325
    0.8651
    0.6886
    0.5804
    0.6477
    0.8481
    0.7118
    0.6980
    0.8369
    0.6866
    0.7936
    0.7731
    0.5229
    0.8029
    0.8081
    0.7127
    0.8102
    0.9295
    0.6915
    0.7486
    0.9262
    0.8108
    0.5916
    0.7810
    0.7635
    0.7106
    0.7273
    0.6338
    0.7135
    0.6731
    0.7315
    0.6211
    0.6422
    0.7111
    0.6757
    0.7022
    0.7147
    0.7720
    0.8357
    0.6440
    0.7600
    0.8163
    0.5795
    0.6939
    0.7735
    0.7358
    0.6364
    0.7711
    0.6450
    0.8129
    0.6862
    0.7191
    0.7055
    0.6194
    0.7177
    0.7048
    0.7222
    0.7728
    0.6575
    0.5782
    0.7228
    0.7044
    0.7558
    0.8640
    0.6440
    0.7936
    0.8878
    0.8633
    0.7161
    0.7328
    0.7523
    0.6791
    0.8891
    0.9318
    0.7575
    0.8023
    0.5476
    0.7828
    0.7595
    0.6357
    0.7897
    0.7474
    0.7480
    0.7639
    0.7476
    0.8574
    0.8330
    0.5643
    0.6761
    0.8170
    0.8456
    0.7465
    0.7156
    0.7868
    0.8821
    0.6629
    0.6502
    0.6650
    0.7344
    0.8365
    0.8599
    0.7968
    0.8494
    0.6115
    0.6305
    0.7400
    0.7940
    0.6706
    0.6100
    0.7096
    0.7048
    0.8569
    0.6265
    0.6282
    0.8965
    0.7501
    0.9174
    0.8069
    0.6379
    0.7730
    0.6299
    0.7076
    0.6057
    0.5090
    0.7951
    0.8215
    0.7410
    0.8468
    0.8618
    0.7016
    0.7375
    0.8573
    0.5765
    0.7625
    0.7342
    0.6976
    0.7667
    0.7695
    0.6167
    0.7287
    0.8743
    0.7394
    0.8293
    0.7640
    0.7057
    0.8578
    0.7105
    0.7430
    0.8127
    0.4925
    0.5796
    0.6225
    0.7263
    0.7134
    0.7398
    0.7579
    0.7656
    0.7641
    0.7972
    0.7491
    0.7394
    0.8082
    0.7790
    0.6648
    0.8222
    0.7804
    0.7817
    0.8046
    0.7997
    0.7283
    0.8578
    0.8173
    0.7913
    0.7525
    0.8340
    0.5680
    0.7448
    0.5432
    0.7786
    0.8481
    0.7129
    0.7090
    0.8773
    0.6844
    0.7525
    0.9093
    0.7808
    0.8471
    0.8292
    0.7558
    0.7390
    0.7978
    0.6476
    0.7611
    0.8586
    0.8460
    0.7830
    0.7647
    0.6088
    0.7219
    0.9239
    0.7867
    0.6391
    0.6144
    0.7722
    0.8330
    0.8362
    0.7230
    0.6903
    0.8081
    0.6943
    0.8899
    0.8092
    0.9184
    0.8541
    0.7414
    0.7914
    0.6272
    0.7784
    0.7212
    0.7208
    0.8813
    0.4631
    0.7753
    0.7092
    0.7864
    0.6866
    0.6204
    0.8775
    0.7380
    0.7939
    0.8185
    0.7123
    0.7157
    0.7371
    0.7661
    0.7648
    0.8199
    0.7076
    0.7657
    0.6761
    0.7424
    0.6647
    0.8726
    0.8284
    0.6662
    0.8208
    0.5030
    0.6654
    0.5488
    0.7925
    0.8188
    0.6836
    0.7196
    0.7017
    0.8350
    0.9011
    0.7222
    0.6943
    0.6895
    0.8190
    0.8422
    0.7764
    0.7248
    0.8506
    0.8745
    0.8145
    0.8290
    0.9749
    0.8033
    0.7055
    0.5909
    0.8171
    0.8330
    0.7114
    0.8064
    0.7032
    0.6941
    0.7487
    0.7892
    0.6970
    0.8911
    0.7639
    0.6323
    0.8124
    0.6756
    0.7293
    0.8110
    0.6322
    0.6095
    0.5560
    0.7673
    0.7425
    0.7319
    0.5495
    0.7323
    0.8408
    0.7354
    0.7783
    0.6504
    0.9135
    0.6845
    0.8363
    0.7777
    0.6740
    0.7666
    0.7762
    0.7553
    0.7024
    0.8524
    0.6525
    0.8493
    0.5370
    0.8664
    0.7870
    0.6247
    0.7151
    0.9152
    0.4777
    0.6047
    0.8047
    0.8135
    0.7213
    0.6472
    0.6164
    0.9641
    0.8522
    0.7915
    0.7392
    0.6075
    0.8549
    0.7497
    0.5827
    0.6274
    0.7321
    0.8000
    0.7748
    0.7711
    0.7292
    0.8355
    0.6916
    0.7451
    0.7636
    0.8666
    0.9153
    0.6943
    0.6886
    0.9348
    0.7105
    0.8638
    0.8078
    0.9080
    0.6270
    0.7742
    0.6799
    0.6641
    0.7659
    0.5525
    0.7864
    0.9694
    0.7939
    0.8624
    0.6484
    0.6489
    0.9127
    0.8857
    0.8705
    0.7343
    0.7833
    0.7636
    0.6185
    0.7115
    0.7408
    0.6872
    0.8402
    0.6531
    0.7694
    0.7328
    0.8341
    0.8633
    0.8076
    0.5700
    0.8523
    0.7923
    0.8671
    0.5890
    0.7472
    0.7014
    0.7454
    0.9331
    0.5554
    0.8226
    0.7944
    0.7332
    0.7532
    0.8155
    0.7061
    0.6546
    0.7819
    0.7834
    0.6639
    0.5604
    0.8809
    0.7387
    0.8288
    0.7243
    0.8021
    0.8375
    0.7243
    0.6686
    0.7248
    0.7664
    0.7747
    0.6151
    0.8032
    0.6576
    0.8250
    0.6241
    0.8997
    0.7295
    0.7520
    0.7892
    0.7913
    0.7259
    0.7316
    0.7800
    0.7932
    0.7427
    0.5799
    0.6764
    0.5901
    0.6496
    0.8097
    0.7027
    0.8611
    0.9226
    0.7391
    0.7447
    0.6690
    0.8088
    0.6710
    0.7306
    0.7452
    0.6763
    0.7965
    0.7118
    0.6759
    0.7196
    0.8227
    0.8768
    0.7391
    0.6798
    0.7181
    0.7872
    0.6699
    0.8869
    0.6234
    0.5248
    0.7159
    0.6609
    0.7427
    0.4656
    0.6761
    0.7822
    0.6753
    0.5241
    0.7711
    0.8079
    0.7833
    0.7746
    0.5382
    0.7022
    0.7648
    0.6956
    0.8334
    0.8642
    0.6780
    0.5648
    0.8380
    0.6386
    0.5518
    0.5574
    0.9339
    0.6234
    0.6574
    0.5955
    0.6736
    0.8104
    0.7784
    0.5860
    0.5360
    0.7112
    0.7688
    0.6457
    0.6503
    0.9038
    0.5080
    0.8561
    0.6865
    0.8424
    0.9068
    0.6810
    0.7835
    0.8514
    0.6832
    0.8567
    0.7594
    0.7232
    0.6475
    0.8176
    0.8881
    0.6978
    0.6857
    0.6772
    0.6480
    0.6065
    0.7251
    0.4785
    0.7619
    0.7598
    0.6474
    0.9811
    0.6380
    0.7306
    0.5552
    0.5295
    0.6991
    0.8820
    0.6490
    0.6727
    0.7810
    0.6679
    0.8361
    0.7455
    0.8531
    0.6698
    0.6152
    0.5059
    0.7346
    0.7832
    0.9206
    0.7308
    0.7253
    0.5901
    0.6402
    0.7715
    0.9393
    0.7603
    0.8021
    0.9686
    0.7598
    0.7678
    0.5873
    0.7577
    0.8133
    0.8679
    0.6183
    0.6610
    0.8584
    0.6184
    0.5667
    0.6849
    0.7711
    0.6970
    0.6215
    0.8681
    0.7623
    0.9191
    0.8298
    0.6627
    0.6765
    0.8633
    0.7498
    0.5818
    0.5759
    0.7296
    0.7238
    0.7043
    0.7949
    0.7295
    0.6319
    0.6269
    0.6759
    0.6906
    0.8733
    0.7088
    0.8183
    0.5622
    0.7152
    0.7817
    0.8722
    0.7341
    0.5598
    0.6011
    0.5345
    0.6434
    0.6937
    0.7225
    0.7595
    0.6897
    0.6664
    0.6977
    0.8932
    0.8172
    0.7292
    0.5586
    0.6873
    0.6055
    0.6070
    0.5460
    0.6998
    0.7351
    0.8730
    0.4530
    0.6625
    0.7394
    0.7921
    0.6867
    0.8442
    0.7341
    0.9316
    0.8067
    0.5821
    0.7700
    0.7503
    0.8600
    0.7077
    0.6354
    0.6598
    0.7540
    0.6189
    0.7386
    0.5646
    0.5782
    0.8414
    0.7300
    0.7792
    0.5827
    0.7719
    0.5902
    0.5974
    0.7937
    0.6943
    0.7079
    0.7528
    0.7713
    0.6649
    0.7322
    0.6749
    0.6146
    0.7176
    0.5619
    0.6121
    0.6400
    0.4949
    0.6839
    0.6589
    0.8111
    0.5557
    0.8635
    0.8389
    0.6476
    0.4770
    0.6659
    0.7590
    0.6030
    0.6258
    0.7413
    0.6881
    0.6966
    0.8329
    0.7003
    0.6675
    0.5922
    0.8960
    0.6631
    0.7111
    0.5482
    0.9004
    0.6898
    0.6896
    0.7046
    0.6367
    0.6632
    0.6870
    0.7670
    0.5554
    0.7013
    0.7633
    0.8321
    0.6876
    0.6370
    0.6765
    0.6323
    0.6536
    0.9280
    0.4955
    0.9049
    0.6526
    0.5108
    0.6819
    0.6521
    0.7593
    0.6364
    0.7164
    0.6052
    0.7373
    0.8479
    0.5456
    0.7853
    0.5624
    0.7056
    0.5471
    0.5074
    0.6867
    0.5810
    0.7292
    0.7727
    0.6701
    0.4954
    0.7336
    0.7535
    0.6230
    0.5551
    0.7185
    0.6364
    0.5592
    0.6801
    0.6683
    0.6938
    0.7700
    0.6206
    0.5234
    0.5474
    0.7426
    0.6379
    0.5691
    0.6689
    0.8404
    0.8165
    0.5751
    0.6656
    0.6542
    0.4533
    0.7080
    0.7972
    0.5970
    0.8329
    0.7696
    0.6917
    0.5958
    0.8254
    0.6444
    0.6034
    0.7401
    0.8077
    0.5477
    0.8226
    0.6585
    0.6497
    0.9188
    0.6565
    0.7349
    0.6078
    0.7716
    0.6009
    0.6917
    0.7375
    0.6595
    0.7642
    0.7252
    0.7532
    0.5658
    0.9611
    0.7991
    0.5913
    0.6684
    0.6393
    0.7529
    0.5824
    0.8120
    0.7807
    0.6713
    0.6841
    0.7700
    0.7738
    0.7262
    0.6819
    0.6381
    0.7251
    0.6270
    0.7667
    0.8924
    0.5390
    0.8056
    0.8367
    0.6966
    0.6730
    0.7237
    0.7221
    0.5798
    0.8028
    0.6761
    0.8628
    0.5777
    0.5763
    0.6082
    0.6400
    0.7250
    0.4518
    0.7013
    0.7301
    0.6452
    0.5935
    0.5957
    0.7067
    0.6908
    0.5314
    0.5234
    0.5941
    0.5861
    0.8775
    0.6597
    0.7370
    0.8303
    0.7949
    0.7215
    0.9443
    0.8206
    0.7030
    0.8774
    0.6371
    0.7530
    0.7529
    0.5953
    0.6579
    0.7303
    0.8342
    0.7026
    0.7646
    0.8243
    0.3983
    0.6239
    0.7647
    0.6279
    0.9141
    0.7900
    0.5753
    0.6456
    0.8384
    0.5879
    0.6644
    0.5397
    0.7096
    0.6887
    0.6213
    0.6858
    0.6176
    0.8578
    0.8588
    0.7847
    0.9047
    0.6473
    0.4753
    0.7799
    0.6511
    0.6098
    0.5598
    0.6619
    0.7039
    0.7835
    0.5866
    0.6087
    0.4588
    0.8204
    0.6690
    0.6720
    0.7535
    0.6528
    0.7287
    0.7099
    0.5255
    0.5860
    0.6900
    0.8803
    0.7010
    0.4631
    0.7609
    0.7101
    0.8283
    0.7809
    0.7716
    0.6600
    0.9150
    0.7138
    0.6042
    0.7247
    0.7174
    0.6792
    0.5972
    0.5873
    0.8073
    0.7468
    0.6843
    0.7266
    0.6351
    0.4693
    0.7461
    0.6054
    0.6689
    0.6338
    0.6752
    0.5529
    0.7856
    0.6937
    0.6161
    0.7283
    0.5469
    0.6393
    0.7095
    0.6139
    0.6000
    0.6657
    0.5390
    0.6724
    0.7607
    0.6300
    0.6222
    0.6702
    0.7754
    0.8276
    0.6587
    0.5126
    0.7946
    0.5991
    0.6414
    0.8389
    0.6304
    0.8921
    0.7399
    0.6264
    0.5673
    0.5894
    0.6853
    0.6513
    0.6053
    0.8866
    0.4847
    0.6807
    0.8579
    0.7641
    0.6319
    0.6486
    1.0693
    0.8351
    0.5984
    0.7629
    0.7605
    0.6098
    0.7441
    0.5616
    0.6523
    0.5754
    0.5547
    0.7022
    0.5455
    0.5805
    0.7117
    0.7741
    0.7384
    0.7339
    0.6689
    0.7038
    0.6474
    0.4797
    0.6966
    0.7183
    0.7976
    0.8106
    0.6835
    0.8393
    0.6343
    0.7197
    0.5845
    0.6773
    0.7698
    0.7644
    0.5449
    0.6091
    0.6749
    0.5227
    0.5546
    0.6337
    0.7347
    0.5817
    0.6444
    0.6571
    0.8206
    0.6364
    1.0182
    0.7995
    0.6898
    0.7698
    0.6679
    0.7981
    0.7539
    0.8286
    0.6793
    0.6740
    0.7230
    0.7281
    0.7458
    0.8124
    0.6507
    0.6190
    0.7782
    0.6868
    0.8609
    0.6190
    0.7449
    0.6827
    0.6947
    0.5586
    0.7665
    0.7641
    0.8675
    0.7532
    0.6779
    0.8618
    0.9642
    0.6196
    0.5979
    0.5562
    0.7030
    0.7117
    0.6849
    0.7586
    0.4985
    0.8325
    0.4637
    0.6093
    0.7222
    0.6973
    0.4585
    0.8150
    0.5788
    0.8134
    0.6649
    0.7497
    0.6742
    0.6343
    0.7893
    0.6892
    0.7091
    0.7201
    0.6419
    0.6506
    0.6309
    0.8105
    0.8765
    0.6529
    0.8785
    0.5900
    0.6658
    0.5333
    0.6776
    0.9030
    0.6614
    0.6464
    0.7469
    0.5144
    0.7170
    0.7149
    0.5765
    0.5573
    0.6987
    0.6471
    0.7111
    0.7701
    0.6446
    0.7147
    0.6845
    0.8262
    0.7495
    0.6902
    0.7257
    0.6459
    0.7691
    0.5479
    0.8466
    0.7151
    0.7392
    0.5652
    0.6397
    0.4870
    0.7146
    0.7100
    0.7044
    0.7597
    0.5857
    0.7943
    0.8003
    0.6382
    0.7702
    0.6273
    0.8574
    0.8342
    0.6709
    0.7045
    0.8112
    0.6339
    0.5188
    0.7430
    0.6238
    0.6463
    0.7808
    0.9397
    0.7055
    0.7729
    0.6777
    0.8380
    0.5981
    0.6991
    0.7421
    0.6144
    0.7575
    0.7088
    0.6980
    0.6684
    0.6839
    0.7947
    0.7183
    0.8233
    0.8041
    0.7221
    0.7333
    0.4851
    0.5230
    0.9796
    0.6824
    0.6392
    0.6306
    0.6786
    0.6859
    0.5116
    0.7274
    0.6423
    0.7644
    0.7382
    0.7358
    0.8645
    0.6633
    0.5861
    0.8429
    0.5525
    0.7875
    0.7187
    0.7348
    0.6719
    0.7042
    0.6598
    0.7027
    0.6220
    0.7074
    0.9270
    0.7583
    0.6598
    0.6771
    0.6443
    0.6711
    0.7651
    0.6370
    0.8317
    0.7227
    0.8560
    0.6184
    0.6842
    0.7731
    0.7424
    0.5315
    0.7503
    0.6545
    0.6981
    0.7741
    0.8324
    0.8073
    0.6895
    0.6045
    0.6864
    0.7159
    0.8847
    0.5788
    0.6542
    0.7302
    0.7484
    0.7294
    0.5183
    0.6850
    0.7803
    0.6496
    0.5741
    0.9177
    0.6787
    0.7571
    0.6659
    0.7238
    0.8876
    0.7130
    0.6300
    0.8270
    0.7675
    0.5858
    0.7510
    0.7605
    0.6678
    0.7678
    0.6020
    0.7219
    0.6329
    0.7016
    0.6678
    0.8606
    0.5731
    0.6857
    0.8065
    0.5656
    0.6966
    0.7954
    0.5741
    0.9047
    0.8160
    0.6511
    0.6995
    0.7537
    0.6498
    0.7105
    0.7839
    0.6330
    0.8015
    0.7894
    0.8145
    0.6314
    0.8024
    0.6334
    0.8215
    0.8886
    0.7382
    0.7823
    0.5361
    0.5847
    0.7058
    0.8452
    0.6297
    0.7038
    0.5716
    0.6669
    0.6854
    0.8620
    0.7464
    0.8804
    0.8224
    0.7119
    0.7266
    0.7523
    0.8065
    0.8296
    0.8389
    0.8313
    0.7767
    0.6639
    0.7151
    0.7632
    0.6499
    0.6356
    0.7314
    0.7418
    0.6969
    0.7715
    0.6330
    0.5636
    0.7656
    0.7140
    0.6611
    0.8081
    0.5620
    0.7682
    0.9526
    0.7905
    0.5510
    0.7750
    0.7799
    0.6210
    0.8350
    0.6716
    0.6699
    0.7525
    0.8114
    0.6515
    0.6456
    0.6728
    0.6874
    0.7539
    0.6922
    0.4762
    0.6841
    0.7219
    0.6545
    0.8080
    0.6706
    0.8830
    0.7606
    0.8592
    0.8168
    0.9841
    0.8159
    0.7216
    0.6555
    0.7820
    0.7927
    0.6942
    0.9049
    0.8292
    0.8445
    0.5791
    0.7379
    0.6203
    0.9267
    0.7550
    0.6638
    0.8115
    0.6330
    0.7638
    0.7775
    0.8312
    0.8900
    0.8548
    0.6638
    0.5720
    0.8008
    0.7490
    0.6898
    0.6395
    0.7661
    0.9213
    0.7677
    0.7802