0
0.0000
0.0000
0.0000
0.0000
0.0000
0.0000
0.0000
0.0000
0.0000
0.0000
0.0000
0.0000
0.0000
0.0000
0.0000
0.0000
0.0000
0.0000
0.0000
0.0000
0.0000
0.0000
0.0000
0.0000
0.0000
0.0000
0.0000
0.0000
0.0000
0.0000
0.0000
0.0000
0.0000
0.0000
0.0000
0.0001
0.0001
0.0001
0.0001
0.0001
0.0001
0.0001
0.0001
0.0001
0.0001
0.0001
0.0001
0.0001
0.0001
0.0001
0.0001
0.0002
0.0002
0.0002
0.0002
0.0002
0.0002
0.0002
0.0002
0.0002
0.0002
0.0003
0.0003
0.0003
0.0003
0.0003
0.0003
0.0003
0.0004
0.0004
0.0004
0.0004
0.0004
0.0004
0.0005
0.0005
0.0005
0.0005
0.0005
0.0006
0.0006
0.0006
0.0006
0.0006
0.0007
0.0007
0.0007
0.0007
0.0008
0.0008
0.0008
0.0008
0.0009
0.0009
0.0009
0.0010
0.0010
0.0010
0.0010
0.0011
0.0011
0.0011
0.0012
0.0012
0.0012
0.0013
0.0013
0.0014
0.0014
0.0014
0.0015
0.0015
0.0015
0.0016
0.0016
0.0017
0.0017
0.0018
0.0018
0.0019
0.0019
0.0019
0.0020
0.0020
0.0021
0.0021
0.0022
0.0022
0.0023
0.0023
0.0024
0.0025
0.0025
0.0026
0.0026
0.0027
0.0027
0.0028
0.0029
0.0029
0.0030
0.0030
0.0031
0.0032
0.0032
0.0033
0.0034
0.0034
0.0035
0.0036
0.0037
0.0037
0.0038
0.0039
0.0039
0.0040
0.0041
0.0042
0.0043
0.0043
0.0044
0.0045
0.0046
0.0047
0.0047
0.0048
0.0049
0.0050
0.0051
0.0052
0.0053
0.0054
0.0054
0.0055
0.0056
0.0057
0.0058
0.0059
0.0060
0.0061
0.0062
0.0063
0.0064
0.0065
0.0066
0.0067
0.0068
0.0069
0.0071
0.0072
0.0073
0.0074
0.0075
0.0076
0.0077
0.0078
0.0080
0.0081
0.0082
0.0083
0.0084
0.0086
0.0087
0.0088
0.0089
0.0091
0.0092
0.0093
0.0095
0.0096
0.0097
0.0099
0.0100
0.0101
0.0103
0.0104
0.0105
0.0107
0.0108
0.0110
0.0111
0.0113
0.0114
0.0116
0.0117
0.0119
0.0120
0.0122
0.0123
0.0125
0.0126
0.0128
0.0129
0.0131
0.0133
0.0134
0.0136
0.0138
0.0139
0.0141
0.0143
0.0144
0.0146
0.0148
0.0149
0.0151
0.0153
0.0155
0.0157
0.0158
0.0160
0.0162
0.0164
0.0166
0.0168
0.0169
0.0171
0.0173
0.0175
0.0177
0.0179
0.0181
0.0183
0.0185
0.0187
0.0189
0.0191
0.0193
0.0195
0.0197
0.0199
0.0201
0.0203
0.0206
0.0208
0.0210
0.0212
0.0214
0.0216
0.0218
0.0221
0.0223
0.0225
0.0227
0.0230
0.0232
0.0234
0.0237
0.0239
0.0241
0.0244
0.0246
0.0248
0.0251
0.0253
0.0255
0.0258
0.0260
0.0263
0.0265
0.0268
0.0270
0.0273
0.0275
0.0278
0.0280
0.0283
0.0285
0.0288
0.0291
0.0293
0.0296
0.0298
0.0301
0.0304
0.0306
0.0309
0.0312
0.0315
0.0317
0.0320
0.0323
0.0326
0.0328
0.0331
0.0334
0.0337
0.0340
0.0343
0.0345
0.0348
0.0351
0.0354
0.0357
0.0360
0.0363
0.0366
0.0369
0.0372
0.0375
0.0378
0.0381
0.0384
0.0387
0.0390
0.0393
0.0396
0.0399
0.0403
0.0406
0.0409
0.0412
0.0415
0.0418
0.0422
0.0425
0.0428
0.0431
0.0435
0.0438
0.0441
0.0444
0.0448
0.0451
0.0454
0.0458
0.0461
0.0465
0.0468
0.0471
0.0475
0.0478
0.0482
0.0485
0.0489
0.0492
0.0496
0.0499
0.0503
0.0506
0.0510
0.0513
0.0517
0.0521
0.0524
0.0528
0.0531
0.0535
0.0539
0.0542
0.0546
0.0550
0.0554
0.0557
0.0561
0.0565
0.0569
0.0572
0.0576
0.0580
0.0584
0.0588
0.0591
0.0595
0.0599
0.0603
0.0607
0.0611
0.0615
0.0619
0.0623
0.0627
0.0631
0.0635
0.0639
0.0643
0.0647
0.0651
0.0655
0.0659
0.0663
0.0667
0.0671
0.0675
0.0679
0.0683
0.0688
0.0692
0.0696
0.0700
0.0704
0.0709
0.0713
0.0717
0.0721
0.0725
0.0730
0.0734
0.0738
0.0743
0.0747
0.0751
0.0756
0.0760
0.0764
0.0769
0.0773
0.0777
0.0782
0.0786
0.0791
0.0795
0.0800
0.0804
0.0809
0.0813
0.0818
0.0822
0.0827
0.0831
0.0836
0.0840
0.0845
0.0849
0.0854
0.0859
0.0863
0.0868
0.0872
0.0877
0.0882
0.0886
0.0891
0.0896
0.0900
0.0905
0.0910
0.0915
0.0919
0.0924
0.0929
0.0934
0.0938
0.0943
0.0948
0.0953
0.0958
0.0962
0.0967
0.0972
0.0977
0.0982
0.0987
0.0992
0.0996
0.1001
0.1006
0.1011
0.1016
0.1021
0.1026
0.1031
0.1036
0.1041
0.1046
0.1051
0.1056
0.1061
0.1066
0.1071
0.1076
0.1081
0.1086
0.1091
0.1096
0.1101
0.1106
0.1112
0.1117
0.1122
0.1127
0.1132
0.1137
0.1142
0.1147
0.1153
0.1158
0.1163
0.1168
0.1173
0.1179
0.1184
0.1189
0.1194
0.1199
0.1205
0.1210
0.1215
0.1221
0.1226
0.1231
0.1236
0.1242
0.1247
0.1252
0.1258
0.1263
0.1268
0.1274
0.1279
0.1284
0.1290
0.1295
0.1300
0.1306
0.1311
0.1317
0.1322
0.1327
0.1333
0.1338
0.1344
0.1349
0.1354
0.1360
0.1365
0.1371
0.1376
0.1382
0.1387
0.1393
0.1398
0.1404
0.1409
0.1415
0.1420
0.1426
0.1431
0.1437
0.1442
0.1448
0.1453
0.1459
0.1464
0.1470
0.1475
0.1481
0.1486
0.1492
0.1498
0.1503
0.1509
0.1514
0.1520
0.1526
0.1531
0.1537
0.1542
0.1548
0.1554
0.1559
0.1565
0.1570
0.1576
0.1582
0.1587
0.1593
0.1598
0.1604
0.1610
0.1615
0.1621
0.1627
0.1632
0.1638
0.1644
0.1649
0.1655
0.1661
0.1666
0.1672
0.1678
0.1683
0.1689
0.1695
0.1700
0.1706
0.1712
0.1717
0.1723
0.1729
0.1735
0.1740
0.1746
0.1752
0.1757
0.1763
0.1769
0.1774
0.1780
0.1786
0.1792
0.1797
0.1803
0.1809
0.1814
0.1820
0.1826
0.1832
0.1837
0.1843
0.1849
0.1854
0.1860
0.1866
0.1872
0.1877
0.1883
0.1889
0.1894
0.1900
0.1906
0.1911
0.1917
0.1923
0.1929
0.1934
0.1940
0.1946
0.1951
0.1957
0.1963
0.1969
0.1974
0.1980
0.1986
0.1991
0.1997
0.2003
0.2009
0.2014
0.2020
0.2026
0.2031
0.2037
0.2043
0.2048
0.2054
0.2060
0.2065
0.2071
0.2077
0.2082
0.2088
0.2094
0.2099
0.2105
0.2111
0.2116
0.2122
0.2128
0.2133
0.2139
0.2145
0.2150
0.2156
0.2162
0.2167
0.2173
0.2178
0.2184
0.2190
0.2195
0.2201
0.2207
0.2212
0.2218
0.2223
0.2229
0.2235
0.2240
0.2246
0.2251
0.2257
0.2262
0.2268
0.2273
0.2279
0.2285
0.2290
0.2296
0.2301
0.2307
0.2312
0.2318
0.2323
0.2329
0.2334
0.2340
0.2345
0.2351
0.2356
0.2362
0.2367
0.2373
0.2378
0.2384
0.2389
0.2395
0.2400
0.2405
0.2411
0.2416
0.2422
0.2427
0.2432
0.2438
0.2443
0.2449
0.2454
0.2459
0.2465
0.2470
0.2475
0.2481
0.2486
0.2491
0.2497
0.2502
0.2507
0.2513
0.2518
0.2523
0.2529
0.2534
0.2539
0.2544
0.2550
0.2555
0.2560
0.2565
0.2571
0.2576
0.2581
0.2586
0.2591
0.2597
0.2602
0.2607
0.2612
0.2617
0.2622
0.2628
0.2633
0.2638
0.2643
0.2648
0.2653
0.2658
0.2663
0.2668
0.2673
0.2678
0.2683
0.2688
0.2694
0.2699
0.2704
0.2709
0.2714
0.2718
0.2723
0.2728
0.2733
0.2738
0.2743
0.2748
0.2753
0.2758
0.2763
0.2768
0.2773
0.2778
0.2782
0.2787
0.2792
0.2797
0.2802
0.2806
0.2811
0.2816
0.2821
0.2826
0.2830
0.2835
0.2840
0.2845
0.2849
0.2854
0.2859
0.2863
0.2868
0.2873
0.2877
0.2882
0.2887
0.2891
0.2896
0.2900
0.2905
0.2910
0.2914
0.2919
0.2923
0.2928
0.2932
0.2937
0.2941
0.2946
0.2950
0.2955
0.2959
0.2964
0.2968
0.2973
0.2977
0.2981
0.2986
0.2990
0.2994
0.2999
0.3003
0.3007
0.3012
0.3016
0.3020
0.3025
0.3029
0.3033
0.3037
0.3042
0.3046
0.3050
0.3054
0.3058
0.3063
0.3067
0.3071
0.3075
0.3079
0.3083
0.3087
0.3091
0.3096
0.3100
0.3104
0.3108
0.3112
0.3116
0.3120
0.3124
0.3128
0.3132
0.3136
0.3140
0.3143
0.3147
0.3151
0.3155
0.3159
0.3163
0.3167
0.3171
0.3174
0.3178
0.3182
0.3186
0.3190
0.3193
0.3197
0.3201
0.3204
0.3208
0.3212
0.3216
0.3219
0.3223
0.3227
0.3230
0.3234
0.3237
0.3241
0.3245
0.3248
0.3252
0.3255
0.3259
0.3262
0.3266
0.3269
0.3273
0.3276
0.3280
0.3283
0.3286
0.3290
0.3293
0.3297
0.3300
0.3303
0.3307
0.3310
0.3313
0.3316
0.3320
0.3323
0.3326
0.3329
0.3333
0.3336
0.3339
0.3342
0.3345
0.3349
0.3352
0.3355
0.3358
0.3361
0.3364
0.3367
0.3370
0.3373
0.3376
0.3379
0.3382
0.3385
0.3388
0.3391
0.3394
0.3397
0.3400
0.3403
0.3406
0.3409
0.3412
0.3415
0.3417
0.3420
0.3423
0.3426
0.3429
0.3431
0.3434
0.3437
0.3440
0.3442
0.3445
0.3448
0.3451
0.3453
0.3456
0.3458
0.3461
0.3464
0.3466
0.3469
0.3471
0.3474
0.3477
0.3479
0.3482
0.3484
0.3487
0.3489
0.3492
0.3494
0.3496
0.3499
0.3501
0.3504
0.3506
0.3508
0.3511
0.3513
0.3515
0.3518
0.3520
0.3522
0.3525
0.3527
0.3529
0.3531
0.3534
0.3536
0.3538
0.3540
0.3542
0.3544
0.3547
0.3549
0.3551
0.3553
0.3555
0.3557
0.3559
0.3561
0.3563
0.3565
0.3567
0.3569
0.3571
0.3573
0.3575
0.3577
0.3579
0.3581
0.3583
0.3585
0.3587
0.3589
0.3590
0.3592
0.3594
0.3596
0.3598
0.3599
0.3601
0.3603
0.3605
0.3606
0.3608
0.3610
0.3612
0.3613
0.3615
0.3617
0.3618
0.3620
0.3622
0.3623
0.3625
0.3626
0.3628
0.3630
0.3631
0.3633
0.3634
0.3636
0.3637
0.3639
0.3640
0.3642
0.3643
0.3645
0.3646
0.3647
0.3649
0.3650
0.3652
0.3653
0.3654
0.3656
0.3657
0.3658
0.3660
0.3661
0.3662
0.3664
0.3665
0.3666
0.3667
0.3669
0.3670
0.3671
0.3672
0.3673
0.3675
0.3676
0.3677
0.3678
0.3679
0.3680
0.3681
0.3683
0.3684
0.3685
0.3686
0.3687
0.3688
0.3689
0.3690
0.3691
0.3692
0.3693
0.3694
0.3695
0.3696
0.3697
0.3698
0.3699
0.3700
0.3701
0.3702
0.3702
0.3703
0.3704
0.3705
0.3706
0.3707
0.3708
0.3708
0.3709
0.3710
0.3711
0.3712
0.3712
0.3713
0.3714
0.3715
0.3715
0.3716
0.3717
0.3718
0.3718
0.3719
0.3720
0.3720
0.3721
0.3722
0.3722
0.3723
0.3724
0.3724
0.3725
0.3726
0.3726
0.3727
0.3727
0.3728
0.3729
0.3729
0.3730
0.3730
0.3731
0.3731
0.3732
0.3732
0.3733
0.3733
0.3734
0.3734
0.3735
0.3735
0.3736
0.3736
0.3737
0.3737
0.3737
0.3738
0.3738
0.3739
0.3739
0.3739
0.3740
0.3740
0.3741
0.3741
0.3741
0.3742
0.3742
0.3742
0.3743
0.3743
0.3743
0.3744
0.3744
0.3744
0.3745
0.3745
0.3745
0.3745
0.3746
0.3746
0.3746
0.3747
0.3747
0.3747
0.3747
0.3748
0.3748
0.3748
0.3748
0.3748
0.3749
0.3749
0.3749
0.3749
0.3749
0.3750
0.3750
0.3750
0.3750
0.3750
0.3750
0.3751
0.3751
0.3751
0.3751
0.3751
0.3751
0.3751
0.3752
0.3752
0.3752
0.3752
0.3752
0.3752
0.3752
0.3752
0.3752
0.3753
0.3753
0.3753
0.3753
0.3753
0.3753
0.3753
0.3753
0.3753
0.3753
0.3753
0.3753
0.3753
0.3753
0.3753
0.3754
0.3754
0.3754
0.3754
0.3754
0.3754
0.3754
0.3754
0.3754
0.3754
0.3754
0.3754
0.3754
0.3754
0.3754
0.3754
0.3754
0.3754
0.3754
0.3754
0.3754
0.3754
0.3754
0.3754
0.3754
0.3754
0.3754
0.3754
0.3754
0.3754
0.3754
0.3754
0.3754
0.3754
0.3754
0.3754
0.3754
0.3754
0.3754
0.3754
0.3754
0.3754
0.3754
0.3754
0.3754
0.3754
0.3754
0.3754
0.3754
0.3754
0.3754
0.3754
0.3754
0.3754
0.3754
0.3754
0.3754
0.3754
0.3754
0.3754
0.3754
0.3754
0.3754
0.3754
0.3754
0.3754
0.3754
0.3754
0.3754
0.3754
0.3754
0.3755
0.3755
0.3755
0.3755
0.3755
0.3755
0.3755
0.3755
0.3755
0.3755
0.3755
0.3755
0.3755
0.3755
0.3755
0.3755
0.3755
0.3756
0.3756
0.3756
0.3756
0.3756
0.3756
0.3756
0.3756
0.3756
0.3756
0.3756
0.3757
0.3757
0.3757
0.3757
0.3757
0.3757
0.3757
0.3758
0.3758
0.3758
0.3758
0.3758
0.3758
0.3759
0.3759
0.3759
0.3759
0.3759
0.3759
0.3760
0.3760
0.3760
0.3760
0.3761
0.3761
0.3761
0.3761
0.3762
0.3762
0.3762
0.3762
0.3763
0.3763
0.3763
0.3763
0.3764
0.3764
0.3764
0.3765
0.3765
0.3765
0.3766
0.3766
0.3766
0.3767
0.3767
0.3767
0.3768
0.3768
0.3768
0.3769
0.3769
0.3770
0.3770
0.3770
0.3771
0.3771
0.3772
0.3772
0.3773
0.3773
0.3774
0.3774
0.3775
0.3775
0.3776
0.3776
0.3777
0.3777
0.3778
0.3778
0.3779
0.3779
0.3780
0.3780
0.3781
0.3782
0.3782
0.3783
0.3783
0.3784
0.3785
0.3785
0.3786
0.3787
0.3787
0.3788
0.3789
0.3789
0.3790
0.3791
0.3791
0.3792
0.3793
0.3794
0.3794
0.3795
0.3796
0.3797
0.3797
0.3798
0.3799
0.3800
0.3801
0.3802
0.3802
0.3803
0.3804
0.3805
0.3806
0.3807
0.3808
0.3809
0.3810
0.3811
0.3811
0.3812
0.3813
0.3814
0.3815
0.3816
0.3817
0.3818
0.3819
0.3820
0.3822
0.3823
0.3824
0.3825
0.3826
0.3827
0.3828
0.3829
0.3830
0.3831
0.3833
0.3834
0.3835
0.3836
0.3837
0.3839
0.3840
0.3841
0.3842
0.3844
0.3845
0.3846
0.3847
0.3849
0.3850
0.3851
0.3853
0.3854
0.3855
0.3857
0.3858
0.3860
0.3861
0.3862
0.3864
0.3865
0.3867
0.3868
0.3870
0.3871
0.3873
0.3874
0.3876
0.3877
0.3879
0.3880
0.3882
0.3884
0.3885
0.3887
0.3889
0.3890
0.3892
0.3893
0.3895
0.3897
0.3899
0.3900
0.3902
0.3904
0.3905
0.3907
0.3909
0.3911
0.3913
0.3914
0.3916
0.3918
0.3920
0.3922
0.3924
0.3926
0.3928
0.3929
0.3931
0.3933
0.3935
0.3937
0.3939
0.3941
0.3943
0.3945
0.3947
0.3949
0.3951
0.3953
0.3956
0.3958
0.3960
0.3962
0.3964
0.3966
0.3968
0.3971
0.3973
0.3975
0.3977
0.3979
0.3982
0.3984
0.3986
0.3988
0.3991
0.3993
0.3995
0.3998
0.4000
0.4002
0.4005
0.4007
0.4010
0.4012
0.4015
0.4017
0.4019
0.4022
0.4024
0.4027
0.4029
0.4032
0.4035
0.4037
0.4040
0.4042
0.4045
0.4047
0.4050
0.4053
0.4055
0.4058
0.4061
0.4063
0.4066
0.4069
0.4072
0.4074
0.4077
0.4080
0.4083
0.4085
0.4088
0.4091
0.4094
0.4097
0.4100
0.4103
0.4105
0.4108
0.4111
0.4114
0.4117
0.4120
0.4123
0.4126
0.4129
0.4132
0.4135
0.4138
0.4141
0.4144
0.4147
0.4151
0.4154
0.4157
0.4160
0.4163
0.4166
0.4169
0.4173
0.4176
0.4179
0.4182
0.4186
0.4189
0.4192
0.4195
0.4199
0.4202
0.4205
0.4209
0.4212
0.4215
0.4219
0.4222
0.4226
0.4229
0.4233
0.4236
0.4239
0.4243
0.4246
0.4250
0.4253
0.4257
0.4261
0.4264
0.4268
0.4271
0.4275
0.4279
0.4282
0.4286
0.4289
0.4293
0.4297
0.4300
0.4304
0.4308
0.4312
0.4315
0.4319
0.4323
0.4327
0.4330
0.4334
0.4338
0.4342
0.4346
0.4350
0.4354
0.4357
0.4361
0.4365
0.4369
0.4373
0.4377
0.4381
0.4385
0.4389
0.4393
0.4397
0.4401
0.4405
0.4409
0.4413
0.4417
0.4421
0.4425
0.4430
0.4434
0.4438
0.4442
0.4446
0.4450
0.4454
0.4459
0.4463
0.4467
0.4471
0.4476
0.4480
0.4484
0.4488
0.4493
0.4497
0.4501
0.4506
0.4510
0.4514
0.4519
0.4523
0.4527
0.4532
0.4536
0.4541
0.4545
0.4550
0.4554
0.4558
0.4563
0.4567
0.4572
0.4576
0.4581
0.4585
0.4590
0.4595
0.4599
0.4604
0.4608
0.4613
0.4618
0.4622
0.4627
0.4631
0.4636
0.4641
0.4645
0.4650
0.4655
0.4659
0.4664
0.4669
0.4674
0.4678
0.4683
0.4688
0.4693
0.4697
0.4702
0.4707
0.4712
0.4717
0.4722
0.4726
0.4731
0.4736
0.4741
0.4746
0.4751
0.4756
0.4761
0.4766
0.4770
0.4775
0.4780
0.4785
0.4790
0.4795
0.4800
0.4805
0.4810
0.4815
0.4820
0.4825
0.4830
0.4835
0.4840
0.4846
0.4851
0.4856
0.4861
0.4866
0.4871
0.4876
0.4881
0.4886
0.4892
0.4897
0.4902
0.4907
0.4912
0.4917
0.4923
0.4928
0.4933
0.4938
0.4943
0.4949
0.4954
0.4959
0.4964
0.4970
0.4975
0.4980
0.4985
0.4991
0.4996
0.5001
0.5007
0.5012
0.5017
0.5023
0.5028
0.5033
0.5039
0.5044
0.5049
0.5055
0.5060
0.5066
0.5071
0.5076
0.5082
0.5087
0.5093
0.5098
0.5103
0.5109
0.5114
0.5120
0.5125
0.5131
0.5136
0.5142
0.5147
0.5153
0.5158
0.5164
0.5169
0.5175
0.5180
0.5186
0.5191
0.5197
0.5202
0.5208
0.5213
0.5219
0.5224
0.5230
0.5235
0.5241
0.5246
0.5252
0.5258
0.5263
0.5269
0.5274
0.5280
0.5286
0.5291
0.5297
0.5302
0.5308
0.5314
0.5319
0.5325
0.5330
0.5336
0.5342
0.5347
0.5353
0.5359
0.5364
0.5370
0.5375
0.5381
0.5387
0.5392
0.5398
0.5404
0.5409
0.5415
0.5421
0.5426
0.5432
0.5438
0.5443
0.5449
0.5455
0.5461
0.5466
0.5472
0.5478
0.5483
0.5489
0.5495
0.5500
0.5506
0.5512
0.5517
0.5523
0.5529
0.5535
0.5540
0.5546
0.5552
0.5557
0.5563
0.5569
0.5575
0.5580
0.5586
0.5592
0.5597
0.5603
0.5609
0.5615
0.5620
0.5626
0.5632
0.5637
0.5643
0.5649
0.5655
0.5660
0.5666
0.5672
0.5677
0.5683
0.5689
0.5694
0.5700
0.5706
0.5712
0.5717
0.5723
0.5729
0.5734
0.5740
0.5746
0.5752
0.5757
0.5763
0.5769
0.5774
0.5780
0.5786
0.5791
0.5797
0.5803
0.5808
0.5814
0.5820
0.5826
0.5831
0.5837
0.5843
0.5848
0.5854
0.5860
0.5865
0.5871
0.5876
0.5882
0.5888
0.5893
0.5899
0.5905
0.5910
0.5916
0.5922
0.5927
0.5933
0.5939
0.5944
0.5950
0.5955
0.5961
0.5967
0.5972
0.5978
0.5983
0.5989
0.5995
0.6000
0.6006
0.6011
0.6017
0.6022
0.6028
0.6033
0.6039
0.6045
0.6050
0.6056
0.6061
0.6067
0.6072
0.6078
0.6083
0.6089
0.6094
0.6100
0.6105
0.6111
0.6116
0.6122
0.6127
0.6133
0.6138
0.6143
0.6149
0.6154
0.6160
0.6165
0.6171
0.6176
0.6181
0.6187
0.6192
0.6198
0.6203
0.6208
0.6214
0.6219
0.6225
0.6230
0.6235
0.6241
0.6246
0.6251
0.6257
0.6262
0.6267
0.6272
0.6278
0.6283
0.6288
0.6294
0.6299
0.6304
0.6309
0.6315
0.6320
0.6325
0.6330
0.6335
0.6341
0.6346
0.6351
0.6356
0.6361
0.6367
0.6372
0.6377
0.6382
0.6387
0.6392
0.6397
0.6402
0.6407
0.6413
0.6418
0.6423
0.6428
0.6433
0.6438
0.6443
0.6448
0.6453
0.6458
0.6463
0.6468
0.6473
0.6478
0.6483
0.6488
0.6493
0.6498
0.6503
0.6507
0.6512
0.6517
0.6522
0.6527
0.6532
0.6537
0.6542
0.6546
0.6551
0.6556
0.6561
0.6566
0.6570
0.6575
0.6580
0.6585
0.6589
0.6594
0.6599
0.6604
0.6608
0.6613
0.6618
0.6622
0.6627
0.6632
0.6636
0.6641
0.6646
0.6650
0.6655
0.6659
0.6664
0.6669
0.6673
0.6678
0.6682
0.6687
0.6691
0.6696
0.6700
0.6705
0.6709
0.6714
0.6718
0.6722
0.6727
0.6731
0.6736
0.6740
0.6744
0.6749
0.6753
0.6757
0.6762
0.6766
0.6770
0.6775
0.6779
0.6783
0.6788
0.6792
0.6796
0.6800
0.6804
0.6809
0.6813
0.6817
0.6821
0.6825
0.6829
0.6834
0.6838
0.6842
0.6846
0.6850
0.6854
0.6858
0.6862
0.6866
0.6870
0.6874
0.6878
0.6882
0.6886
0.6890
0.6894
0.6898
0.6902
0.6906
0.6909
0.6913
0.6917
0.6921
0.6925
0.6929
0.6933
0.6936
0.6940
0.6944
0.6948
0.6951
0.6955
0.6959
0.6963
0.6966
0.6970
0.6974
0.6977
0.6981
0.6984
0.6988
0.6992
0.6995
0.6999
0.7002
0.7006
0.7009
0.7013
0.7016
0.7020
0.7023
0.7027
0.7030
0.7034
0.7037
0.7041
0.7044
0.7047
0.7051
0.7054
0.7058
0.7061
0.7064
0.7067
0.7071
0.7074
0.7077
0.7081
0.7084
0.7087
0.7090
0.7093
0.7097
0.7100
0.7103
0.7106
0.7109
0.7112
0.7115
0.7119
0.7122
0.7125
0.7128
0.7131
0.7134
0.7137
0.7140
0.7143
0.7146
0.7149
0.7152
0.7154
0.7157
0.7160
0.7163
0.7166
0.7169
0.7172
0.7175
0.7177
0.7180
0.7183
0.7186
0.7189
0.7191
0.7194
0.7197
0.7199
0.7202
0.7205
0.7207
0.7210
0.7213
0.7215
0.7218
0.7221
0.7223
0.7226
0.7228
0.7231
0.7233
0.7236
0.7238
0.7241
0.7243
0.7246
0.7248
0.7251
0.7253
0.7256
0.7258
0.7260
0.7263
0.7265
0.7267
0.7270
0.7272
0.7274
0.7277
0.7279
0.7281
0.7283
0.7286
0.7288
0.7290
0.7292
0.7294
0.7297
0.7299
0.7301
0.7303
0.7305
0.7307
0.7309
0.7311
0.7313
0.7315
0.7317
0.7319
0.7322
0.7324
0.7325
0.7327
0.7329
0.7331
0.7333
0.7335
0.7337
0.7339
0.7341
0.7343
0.7345
0.7346
0.7348
0.7350
0.7352
0.7354
0.7355
0.7357
0.7359
0.7361
0.7362
0.7364
0.7366
0.7368
0.7369
0.7371
0.7373
0.7374
0.7376
0.7377
0.7379
0.7381
0.7382
0.7384
0.7385
0.7387
0.7388
0.7390
0.7391
0.7393
0.7394
0.7396
0.7397
0.7399
0.7400
0.7402
0.7403
0.7404
0.7406
0.7407
0.7409
0.7410
0.7411
0.7413
0.7414
0.7415
0.7416
0.7418
0.7419
0.7420
0.7422
0.7423
0.7424
0.7425
0.7426
0.7428
0.7429
0.7430
0.7431
0.7432
0.7433
0.7435
0.7436
0.7437
0.7438
0.7439
0.7440
0.7441
0.7442
0.7443
0.7444
0.7445
0.7446
0.7447
0.7448
0.7449
0.7450
0.7451
0.7452
0.7453
0.7454
0.7455
0.7456
0.7457
0.7458
0.7458
0.7459
0.7460
0.7461
0.7462
0.7463
0.7463
0.7464
0.7465
0.7466
0.7467
0.7467
0.7468
0.7469
0.7470
0.7470
0.7471
0.7472
0.7473
0.7473
0.7474
0.7475
0.7475
0.7476
0.7477
0.7477
0.7478
0.7479
0.7479
0.7480
0.7480
0.7481
0.7482
0.7482
0.7483
0.7483
0.7484
0.7484
0.7485
0.7485
0.7486
0.7486
0.7487
0.7487
0.7488
0.7488
0.7489
0.7489
0.7490
0.7490
0.7491
0.7491
0.7492
0.7492
0.7492
0.7493
0.7493
0.7494
0.7494
0.7494
0.7495
0.7495
0.7495
0.7496
0.7496
0.7496
0.7497
0.7497
0.7497
0.7498
0.7498
0.7498
0.7498
0.7499
0.7499
0.7499
0.7499
0.7500
0.7500
0.7500
0.7500
0.7500
0.7501
0.7501
0.7501
0.7501
0.7501
0.7501
0.7502
0.7502
0.7502
0.7502
0.7502
0.7502
0.7502
0.7502
0.7502
0.7502
0.7502
0.7503
0.7503
0.7503
0.7503
0.7503
0.7503
0.7503
0.7503
0.7503
0.7503
0.7503
0.7502
0.7502
0.7502
0.7502
0.7502
0.7502
0.7502
0.7502
0.7502
0.7502
0.7502
0.7501
0.7501
0.7501
0.7501
0.7501
0.7501
0.7500
0.7500
0.7500
0.7500
0.7500
0.7499
0.7499
0.7499
0.7499
0.7498
0.7498
0.7498
0.7498
0.7497
0.7497
0.7497
0.7496
0.7496
0.7496
0.7495
0.7495
0.7495
0.7494
0.7494
0.7494
0.7493
0.7493
0.7492
0.7492
0.7492
0.7491
0.7491
0.7490
0.7490
0.7489
0.7489
0.7488
0.7488
0.7487
0.7487
0.7486
0.7486
0.7485
0.7485
0.7484
0.7484
0.7483
0.7483
0.7482
0.7481
0.7481
0.7480
0.7480
0.7479
0.7478
0.7478
0.7477
0.7477
0.7476
0.7475
0.7475
0.7474
0.7473
0.7473
0.7472
0.7471
0.7470
0.7470
0.7469
0.7468
0.7468
0.7467
0.7466
0.7465
0.7465
0.7464
0.7463
0.7462
0.7461
0.7461
0.7460
0.7459
0.7458
0.7457
0.7456
0.7456
0.7455
0.7454
0.7453
0.7452
0.7451
0.7450
0.7450
0.7449
0.7448
0.7447
0.7446
0.7445
0.7444
0.7443
0.7442
0.7441
0.7440
0.7439
0.7438
0.7437
0.7436
0.7435
0.7434
0.7433
0.7432
0.7431
0.7430
0.7429
0.7428
0.7427
0.7426
0.7425
0.7424
0.7423
0.7422
0.7421
0.7419
0.7418
0.7417
0.7416
0.7415
0.7414
0.7413
0.7412
0.7410
0.7409
0.7408
0.7407
0.7406
0.7405
0.7403
0.7402
0.7401
0.7400
0.7399
0.7397
0.7396
0.7395
0.7394
0.7393
0.7391
0.7390
0.7389
0.7388
0.7386
0.7385
0.7384
0.7382
0.7381
0.7380
0.7379
0.7377
0.7376
0.7375
0.7373
0.7372
0.7371
0.7369
0.7368
0.7367
0.7365
0.7364
0.7363
0.7361
0.7360
0.7359
0.7357
0.7356
0.7354
0.7353
0.7352
0.7350
0.7349
0.7347
0.7346
0.7345
0.7343
0.7342
0.7340
0.7339
0.7337
0.7336
0.7334
0.7333
0.7332
0.7330
0.7329
0.7327
0.7326
0.7324
0.7323
0.7321
0.7320
0.7318
0.7317
0.7315
0.7314
0.7312
0.7311
0.7309
0.7308
0.7306
0.7304
0.7303
0.7301
0.7300
0.7298
0.7297
0.7295
0.7294
0.7292
0.7290
0.7289
0.7287
0.7286
0.7284
0.7283
0.7281
0.7279
0.7278
0.7276
0.7275
0.7273
0.7271
0.7270
0.7268
0.7267
0.7265
0.7263
0.7262
0.7260
0.7258
0.7257
0.7255
0.7254
0.7252
0.7250
0.7249
0.7247
0.7245
0.7244
0.7242
0.7240
0.7239
0.7237
0.7235
0.7234
0.7232
0.7230
0.7229
0.7227
0.7225
0.7224
0.7222
0.7220
0.7219
0.7217
0.7215
0.7214
0.7212
0.7210
0.7209
0.7207
0.7205
0.7204
0.7202
0.7200
0.7198
0.7197
0.7195
0.7193
0.7192
0.7190
0.7188
0.7187
0.7185
0.7183
0.7181
0.7180
0.7178
0.7176
0.7175
0.7173
0.7171
0.7169
0.7168
0.7166
0.7164
0.7163
0.7161
0.7159
0.7157
0.7156
0.7154
0.7152
0.7150
0.7149
0.7147
0.7145
0.7144
0.7142
0.7140
0.7138
0.7137
0.7135
0.7133
0.7132
0.7130
0.7128
0.7126
0.7125
0.7123
0.7121
0.7120
0.7118
0.7116
0.7114
0.7113
0.7111
0.7109
0.7108
0.7106
0.7104
0.7102
0.7101
0.7099
0.7097
0.7096
0.7094
0.7092
0.7090
0.7089
0.7087
0.7085
0.7084
0.7082
0.7080
0.7079
0.7077
0.7075
0.7074
0.7072
0.7070
0.7068
0.7067
0.7065
0.7063
0.7062
0.7060
0.7058
0.7057
0.7055
0.7053
0.7052
0.7050
0.7048
0.7047
0.7045
0.7043
0.7042
0.7040
0.7038
0.7037
0.7035
0.7034
0.7032
0.7030
0.7029
0.7027
0.7025
0.7024
0.7022
0.7021
0.7019
0.7017
0.7016
0.7014
0.7012
0.7011
0.7009
0.7008
0.7006
0.7004
0.7003
0.7001
0.7000
0.6998
0.6997
0.6995
0.6993
0.6992
0.6990
0.6989
0.6987
0.6986
0.6984
0.6983
0.6981
0.6980
0.6978
0.6976
0.6975
0.6973
0.6972
0.6970
0.6969
0.6967
0.6966
0.6964
0.6963
0.6961
0.6960
0.6958
0.6957
0.6955
0.6954
0.6953
0.6951
0.6950
0.6948
0.6947
0.6945
0.6944
0.6942
0.6941
0.6940
0.6938
0.6937
0.6935
0.6934
0.6933
0.6931
0.6930
0.6928
0.6927
0.6926
0.6924
0.6923
0.6922
0.6920
0.6919
0.6918
0.6916
0.6915
0.6914
0.6912
0.6911
0.6910
0.6908
0.6907
0.6906
0.6904
0.6903
0.6902
0.6901
0.6899
0.6898
0.6897
0.6895
0.6894
0.6893
0.6892
0.6891
0.6889
0.6888
0.6887
0.6886
0.6884
0.6883
0.6882
0.6881
0.6880
0.6879
0.6877
0.6876
0.6875
0.6874
0.6873
0.6872
0.6871
0.6869
0.6868
0.6867
0.6866
0.6865
0.6864
0.6863
0.6862
0.6861
0.6860
0.6859
0.6858
0.6856
0.6855
0.6854
0.6853
0.6852
0.6851
0.6850
0.6849
0.6848
0.6847
0.6846
0.6845
0.6844
0.6843
0.6843
0.6842
0.6841
0.6840
0.6839
0.6838
0.6837
0.6836
0.6835
0.6834
0.6833
0.6833
0.6832
0.6831
0.6830
0.6829
0.6828
0.6827
0.6827
0.6826
0.6825
0.6824
0.6823
0.6823
0.6822
0.6821
0.6820
0.6820
0.6819
0.6818
0.6817
0.6817
0.6816
0.6815
0.6814
0.6814
0.6813
0.6812
0.6812
0.6811
0.6810
0.6810
0.6809
0.6808
0.6808
0.6807
0.6807
0.6806
0.6805
0.6805
0.6804
0.6804
0.6803
0.6802
0.6802
0.6801
0.6801
0.6800
0.6800
0.6799
0.6799
0.6798
0.6798
0.6797
0.6797
0.6796
0.6796
0.6795
0.6795
0.6795
0.6794
0.6794
0.6793
0.6793
0.6793
0.6792
0.6792
0.6791
0.6791
0.6791
0.6790
0.6790
0.6790
0.6789
0.6789
0.6789
0.6788
0.6788
0.6788
0.6788
0.6787
0.6787
0.6787
0.6787
0.6786
0.6786
0.6786
0.6786
0.6785
0.6785
0.6785
0.6785
0.6785
0.6785
0.6784
0.6784
0.6784
0.6784
0.6784
0.6784
0.6784
0.6784
0.6784
0.6783
0.6783
0.6783
0.6783
0.6783
0.6783
0.6783
0.6783
0.6783
0.6783
0.6783
0.6783
0.6783
0.6783
0.6783
0.6783
0.6783
0.6783
0.6783
0.6784
0.6784
0.6784
0.6784
0.6784
0.6784
0.6784
0.6784
0.6784
0.6785
0.6785
0.6785
0.6785
0.6785
0.6785
0.6786
0.6786
0.6786
0.6786
0.6787
0.6787
0.6787
0.6787
0.6788
0.6788
0.6788
0.6788
0.6789
0.6789
0.6789
0.6790
0.6790
0.6790
0.6791
0.6791
0.6791
0.6792
0.6792
0.6793
0.6793
0.6793
0.6794
0.6794
0.6795
0.6795
0.6796
0.6796
0.6796
0.6797
0.6797
0.6798
0.6798
0.6799
0.6799
0.6800
0.6800
0.6801
0.6801
0.6802
0.6803
0.6803
0.6804
0.6804
0.6805
0.6805
0.6806
0.6807
0.6807
0.6808
0.6809
0.6809
0.6810
0.6810
0.6811
0.6812
0.6812
0.6813
0.6814
0.6815
0.6815
0.6816
0.6817
0.6817
0.6818
0.6819
0.6820
0.6820
0.6821
0.6822
0.6823
0.6824
0.6824
0.6825
0.6826
0.6827
0.6828
0.6828
0.6829
0.6830
0.6831
0.6832
0.6833
0.6834
0.6834
0.6835
0.6836
0.6837
0.6838
0.6839
0.6840
0.6841
0.6842
0.6843
0.6844
0.6845
0.6846
0.6847
0.6848
0.6848
0.6849
0.6850
0.6851
0.6853
0.6854
0.6855
0.6856
0.6857
0.6858
0.6859
0.6860
0.6861
0.6862
0.6863
0.6864
0.6865
0.6866
0.6867
0.6868
0.6870
0.6871
0.6872
0.6873
0.6874
0.6875
0.6876
0.6878
0.6879
0.6880
0.6881
0.6882
0.6883
0.6885
0.6886
0.6887
0.6888
0.6889
0.6891
0.6892
0.6893
0.6894
0.6896
0.6897
0.6898
0.6899
0.6901
0.6902
0.6903
0.6905
0.6906
0.6907
0.6908
0.6910
0.6911
0.6912
0.6914
0.6915
0.6916
0.6918
0.6919
0.6920
0.6922
0.6923
0.6924
0.6926
0.6927
0.6929
0.6930
0.6931
0.6933
0.6934
0.6936
0.6937
0.6938
0.6940
0.6941
0.6943
0.6944
0.6946
0.6947
0.6948
0.6950
0.6951
0.6953
0.6954
0.6956
0.6957
0.6959
0.6960
0.6962
0.6963
0.6965
0.6966
0.6968
0.6969
0.6971
0.6972
0.6974
0.6975
0.6977
0.6978
0.6980
0.6981
0.6983
0.6984
0.6986
0.6987
0.6989
0.6991
0.6992
0.6994
0.6995
0.6997
0.6998
0.7000
0.7002
0.7003
0.7005
0.7006
0.7008
0.7010
0.7011
0.7013
0.7014
0.7016
0.7018
0.7019
0.7021
0.7022
0.7024
0.7026
0.7027
0.7029
0.7031
0.7032
0.7034
0.7035
0.7037
0.7039
0.7040
0.7042
0.7044
0.7045
0.7047
0.7049
0.7050
0.7052
0.7054
0.7055
0.7057
0.7059
0.7060
0.7062
0.7064
0.7065
0.7067
0.7069
0.7070
0.7072
0.7074
0.7075
0.7077
0.7079
0.7081
0.7082
0.7084
0.7086
0.7087
0.7089
0.7091
0.7092
0.7094
0.7096
0.7098
0.7099
0.7101
0.7103
0.7104
0.7106
0.7108
0.7110
0.7111
0.7113
0.7115
0.7116
0.7118
0.7120
0.7122
0.7123
0.7125
0.7127
0.7128
0.7130
0.7132
0.7134
0.7135
0.7137
0.7139
0.7140
0.7142
0.7144
0.7146
0.7147
0.7149
0.7151
0.7152
0.7154
0.7156
0.7158
0.7159
0.7161
0.7163
0.7165
0.7166
0.7168
0.7170
0.7171
0.7173
0.7175
0.7177
0.7178
0.7180
0.7182
0.7183
0.7185
0.7187
0.7188
0.7190
0.7192
0.7194
0.7195
0.7197
0.7199
0.7200
0.7202
0.7204
0.7205
0.7207
0.7209
0.7211
0.7212
0.7214
0.7216
0.7217
0.7219
0.7221
0.7222
0.7224
0.7226
0.7227
0.7229
0.7231
0.7232
0.7234
0.7236
0.7237
0.7239
0.7241
0.7242
0.7244
0.7246
0.7247
0.7249
0.7251
0.7252
0.7254
0.7255
0.7257
0.7259
0.7260
0.7262
0.7264
0.7265
0.7267
0.7268
0.7270
0.7272
0.7273
0.7275
0.7276
0.7278
0.7280
0.7281
0.7283
0.7284
0.7286
0.7288
0.7289
0.7291
0.7292
0.7294
0.7295
0.7297
0.7299
0.7300
0.7302
0.7303
0.7305
0.7306
0.7308
0.7309
0.7311
0.7312
0.7314
0.7315
0.7317
0.7318
0.7320
0.7321
0.7323
0.7324
0.7326
0.7327
0.7329
0.7330
0.7332
0.7333
0.7335
0.7336
0.7338
0.7339
0.7340
0.7342
0.7343
0.7345
0.7346
0.7348
0.7349
0.7350
0.7352
0.7353
0.7355
0.7356
0.7357
0.7359
0.7360
0.7361
0.7363
0.7364
0.7366
0.7367
0.7368
0.7370
0.7371
0.7372
0.7374
0.7375
0.7376
0.7378
0.7379
0.7380
0.7381
0.7383
0.7384
0.7385
0.7386
0.7388
0.7389
0.7390
0.7392
0.7393
0.7394
0.7395
0.7396
0.7398
0.7399
0.7400
0.7401
0.7402
0.7404
0.7405
0.7406
0.7407
0.7408
0.7410
0.7411
0.7412
0.7413
0.7414
0.7415
0.7416
0.7417
0.7419
0.7420
0.7421
0.7422
0.7423
0.7424
0.7425
0.7426
0.7427
0.7428
0.7429
0.7430
0.7431
0.7432
0.7433
0.7434
0.7435
0.7436
0.7437
0.7438
0.7439
0.7440
0.7441
0.7442
0.7443
0.7444
0.7445
0.7446
0.7447
0.7448
0.7449
0.7450
0.7451
0.7451
0.7452
0.7453
0.7454
0.7455
0.7456
0.7457
0.7457
0.7458
0.7459
0.7460
0.7461
0.7462
0.7462
0.7463
0.7464
0.7465
0.7465
0.7466
0.7467
0.7468
0.7468
0.7469
0.7470
0.7471
0.7471
0.7472
0.7473
0.7473
0.7474
0.7475
0.7475
0.7476
0.7477
0.7477
0.7478
0.7479
0.7479
0.7480
0.7480
0.7481
0.7482
0.7482
0.7483
0.7483
0.7484
0.7484
0.7485
0.7485
0.7486
0.7486
0.7487
0.7487
0.7488
0.7488
0.7489
0.7489
0.7490
0.7490
0.7491
0.7491
0.7492
0.7492
0.7492
0.7493
0.7493
0.7494
0.7494
0.7494
0.7495
0.7495
0.7495
0.7496
0.7496
0.7496
0.7497
0.7497
0.7497
0.7498
0.7498
0.7498
0.7498
0.7499
0.7499
0.7499
0.7499
0.7500
0.7500
0.7500
0.7500
0.7500
0.7501
0.7501
0.7501
0.7501
0.7501
0.7501
0.7502
0.7502
0.7502
0.7502
0.7502
0.7502
0.7502
0.7502
0.7502
0.7502
0.7502
0.7503
0.7503
0.7503
0.7503
0.7503
0.7503
0.7503
0.7503
0.7503
0.7503
0.7503
0.7502
0.7502
0.7502
0.7502
0.7502
0.7502
0.7502
0.7502
0.7502
0.7502
0.7502
0.7501
0.7501
0.7501
0.7501
0.7501
0.7501
0.7500
0.7500
0.7500
0.7500
0.7500
0.7499
0.7499
0.7499
0.7499
0.7498
0.7498
0.7498
0.7498
0.7497
0.7497
0.7497
0.7496
0.7496
0.7496
0.7495
0.7495
0.7495
0.7494
0.7494
0.7494
0.7493
0.7493
0.7492
0.7492
0.7492
0.7491
0.7491
0.7490
0.7490
0.7489
0.7489
0.7488
0.7488
0.7487
0.7487
0.7486
0.7486
0.7485
0.7485
0.7484
0.7484
0.7483
0.7483
0.7482
0.7481
0.7481
0.7480
0.7480
0.7479
0.7478
0.7478
0.7477
0.7477
0.7476
0.7475
0.7475
0.7474
0.7473
0.7473
0.7472
0.7471
0.7470
0.7470
0.7469
0.7468
0.7468
0.7467
0.7466
0.7465
0.7465
0.7464
0.7463
0.7462
0.7461
0.7461
0.7460
0.7459
0.7458
0.7457
0.7456
0.7456
0.7455
0.7454
0.7453
0.7452
0.7451
0.7450
0.7449
0.7449
0.7448
0.7447
0.7446
0.7445
0.7444
0.7443
0.7442
0.7441
0.7440
0.7439
0.7438
0.7437
0.7436
0.7435
0.7434
0.7433
0.7432
0.7431
0.7430
0.7429
0.7428
0.7427
0.7426
0.7425
0.7424
0.7423
0.7422
0.7421
0.7419
0.7418
0.7417
0.7416
0.7415
0.7414
0.7413
0.7412
0.7410
0.7409
0.7408
0.7407
0.7406
0.7405
0.7403
0.7402
0.7401
0.7400
0.7399
0.7397
0.7396
0.7395
0.7394
0.7393
0.7391
0.7390
0.7389
0.7388
0.7386
0.7385
0.7384
0.7382
0.7381
0.7380
0.7379
0.7377
0.7376
0.7375
0.7373
0.7372
0.7371
0.7369
0.7368
0.7367
0.7365
0.7364
0.7363
0.7361
0.7360
0.7358
0.7357
0.7356
0.7354
0.7353
0.7352
0.7350
0.7349
0.7347
0.7346
0.7344
0.7343
0.7342
0.7340
0.7339
0.7337
0.7336
0.7334
0.7333
0.7331
0.7330
0.7328
0.7327
0.7326
0.7324
0.7323
0.7321
0.7320
0.7318
0.7317
0.7315
0.7314
0.7312
0.7311
0.7309
0.7307
0.7306
0.7304
0.7303
0.7301
0.7300
0.7298
0.7297
0.7295
0.7294
0.7292
0.7290
0.7289
0.7287
0.7286
0.7284
0.7283
0.7281
0.7279
0.7278
0.7276
0.7275
0.7273
0.7271
0.7270
0.7268
0.7267
0.7265
0.7263
0.7262
0.7260
0.7258
0.7257
0.7255
0.7254
0.7252
0.7250
0.7249
0.7247
0.7245
0.7244
0.7242
0.7240
0.7239
0.7237
0.7235
0.7234
0.7232
0.7230
0.7229
0.7227
0.7225
0.7224
0.7222
0.7220
0.7219
0.7217
0.7215
0.7214
0.7212
0.7210
0.7209
0.7207
0.7205
0.7203
0.7202
0.7200
0.7198
0.7197
0.7195
0.7193
0.7192
0.7190
0.7188
0.7186
0.7185
0.7183
0.7181
0.7180
0.7178
0.7176
0.7174
0.7173
0.7171
0.7169
0.7168
0.7166
0.7164
0.7162
0.7161
0.7159
0.7157
0.7156
0.7154
0.7152
0.7150
0.7149
0.7147
0.7145
0.7144
0.7142
0.7140
0.7138
0.7137
0.7135
0.7133
0.7131
0.7130
0.7128
0.7126
0.7125
0.7123
0.7121
0.7119
0.7118
0.7116
0.7114
0.7113
0.7111
0.7109
0.7107
0.7106
0.7104
0.7102
0.7101
0.7099
0.7097
0.7095
0.7094
0.7092
0.7090
0.7089
0.7087
0.7085
0.7084
0.7082
0.7080
0.7078
0.7077
0.7075
0.7073
0.7072
0.7070
0.7068
0.7067
0.7065
0.7063
0.7062
0.7060
0.7058
0.7057
0.7055
0.7053
0.7052
0.7050
0.7048
0.7047
0.7045
0.7043
0.7042
0.7040
0.7038
0.7037
0.7035
0.7033
0.7032
0.7030
0.7029
0.7027
0.7025
0.7024
0.7022
0.7020
0.7019
0.7017
0.7016
0.7014
0.7012
0.7011
0.7009
0.7008
0.7006
0.7004
0.7003
0.7001
0.7000
0.6998
0.6997
0.6995
0.6993
0.6992
0.6990
0.6989
0.6987
0.6986
0.6984
0.6982
0.6981
0.6979
0.6978
0.6976
0.6975
0.6973
0.6972
0.6970
0.6969
0.6967
0.6966
0.6964
0.6963
0.6961
0.6960
0.6958
0.6957
0.6955
0.6954
0.6952
0.6951
0.6950
0.6948
0.6947
0.6945
0.6944
0.6942
0.6941
0.6940
0.6938
0.6937
0.6935
0.6934
0.6932
0.6931
0.6930
0.6928
0.6927
0.6926
0.6924
0.6923
0.6921
0.6920
0.6919
0.6917
0.6916
0.6915
0.6913
0.6912
0.6911
0.6909
0.6908
0.6907
0.6906
0.6904
0.6903
0.6902
0.6900
0.6899
0.6898
0.6897
0.6895
0.6894
0.6893
0.6892
0.6890
0.6889
0.6888
0.6887
0.6886
0.6884
0.6883
0.6882
0.6881
0.6880
0.6878
0.6877
0.6876
0.6875
0.6874
0.6873
0.6872
0.6870
0.6869
0.6868
0.6867
0.6866
0.6865
0.6864
0.6863
0.6862
0.6861
0.6860
0.6858
0.6857
0.6856
0.6855
0.6854
0.6853
0.6852
0.6851
0.6850
0.6849
0.6848
0.6847
0.6846
0.6845
0.6844
0.6843
0.6842
0.6842
0.6841
0.6840
0.6839
0.6838
0.6837
0.6836
0.6835
0.6834
0.6833
0.6832
0.6832
0.6831
0.6830
0.6829
0.6828
0.6827
0.6827
0.6826
0.6825
0.6824
0.6823
0.6823
0.6822
0.6821
0.6820
0.6819
0.6819
0.6818
0.6817
0.6817
0.6816
0.6815
0.6814
0.6814
0.6813
0.6812
0.6812
0.6811
0.6810
0.6810
0.6809
0.6808
0.6808
0.6807
0.6807
0.6806
0.6805
0.6805
0.6804
0.6804
0.6803
0.6802
0.6802
0.6801
0.6801
0.6800
0.6800
0.6799
0.6799
0.6798
0.6798
0.6797
0.6797
0.6796
0.6796
0.6795
0.6795
0.6795
0.6794
0.6794
0.6793
0.6793
0.6792
0.6792
0.6792
0.6791
0.6791
0.6791
0.6790
0.6790
0.6790
0.6789
0.6789
0.6789
0.6788
0.6788
0.6788
0.6788
0.6787
0.6787
0.6787
0.6787
0.6786
0.6786
0.6786
0.6786
0.6785
0.6785
0.6785
0.6785
0.6785
0.6785
0.6784
0.6784
0.6784
0.6784
0.6784
0.6784
0.6784
0.6784
0.6784
0.6783
0.6783
0.6783
0.6783
0.6783
0.6783
0.6783
0.6783
0.6783
0.6783
0.6783
0.6783
0.6783
0.6783
0.6783
0.6783
0.6783
0.6783
0.6783
0.6784
0.6784
0.6784
0.6784
0.6784
0.6784
0.6784
0.6784
0.6784
0.6785
0.6785
0.6785
0.6785
0.6785
0.6785
0.6786
0.6786
0.6786
0.6786
0.6787
0.6787
0.6787
0.6787
0.6788
0.6788
0.6788
0.6788
0.6789
0.6789
0.6789
0.6790
0.6790
0.6790
0.6791
0.6791
0.6791
0.6792
0.6792
0.6793
0.6793
0.6793
0.6794
0.6794
0.6795
0.6795
0.6796
0.6796
0.6796
0.6797
0.6797
0.6798
0.6798
0.6799
0.6799
0.6800
0.6800
0.6801
0.6801
0.6802
0.6803
0.6803
0.6804
0.6804
0.6805
0.6805
0.6806
0.6807
0.6807
0.6808
0.6809
0.6809
0.6810
0.6810
0.6811
0.6812
0.6813
0.6813
0.6814
0.6815
0.6815
0.6816
0.6817
0.6817
0.6818
0.6819
0.6820
0.6820
0.6821
0.6822
0.6823
0.6824
0.6824
0.6825
0.6826
0.6827
0.6828
0.6828
0.6829
0.6830
0.6831
0.6832
0.6833
0.6834
0.6834
0.6835
0.6836
0.6837
0.6838
0.6839
0.6840
0.6841
0.6842
0.6843
0.6844
0.6845
0.6846
0.6847
0.6848
0.6849
0.6850
0.6851
0.6852
0.6853
0.6854
0.6855
0.6856
0.6857
0.6858
0.6859
0.6860
0.6861
0.6862
0.6863
0.6864
0.6865
0.6866
0.6867
0.6869
0.6870
0.6871
0.6872
0.6873
0.6874
0.6875
0.6876
0.6878
0.6879
0.6880
0.6881
0.6882
0.6884
0.6885
0.6886
0.6887
0.6888
0.6890
0.6891
0.6892
0.6893
0.6894
0.6896
0.6897
0.6898
0.6900
0.6901
0.6902
0.6903
0.6905
0.6906
0.6907
0.6909
0.6910
0.6911
0.6912
0.6914
0.6915
0.6916
0.6918
0.6919
0.6920
0.6922
0.6923
0.6925
0.6926
0.6927
0.6929
0.6930
0.6931
0.6933
0.6934
0.6936
0.6937
0.6938
0.6940
0.6941
0.6943
0.6944
0.6946
0.6947
0.6948
0.6950
0.6951
0.6953
0.6954
0.6956
0.6957
0.6959
0.6960
0.6962
0.6963
0.6965
0.6966
0.6968
0.6969
0.6971
0.6972
0.6974
0.6975
0.6977
0.6978
0.6980
0.6981
0.6983
0.6984
0.6986
0.6988
0.6989
0.6991
0.6992
0.6994
0.6995
0.6997
0.6998
0.7000
0.7002
0.7003
0.7005
0.7006
0.7008
0.7010
0.7011
0.7013
0.7014
0.7016
0.7018
0.7019
0.7021
0.7022
0.7024
0.7026
0.7027
0.7029
0.7031
0.7032
0.7034
0.7036
0.7037
0.7039
0.7040
0.7042
0.7044
0.7045
0.7047
0.7049
0.7050
0.7052
0.7054
0.7055
0.7057
0.7059
0.7060
0.7062
0.7064
0.7065
0.7067
0.7069
0.7070
0.7072
0.7074
0.7076
0.7077
0.7079
0.7081
0.7082
0.7084
0.7086
0.7087
0.7089
0.7091
0.7093
0.7094
0.7096
0.7098
0.7099
0.7101
0.7103
0.7104
0.7106
0.7108
0.7110
0.7111
0.7113
0.7115
0.7116
0.7118
0.7120
0.7122
0.7123
0.7125
0.7127
0.7128
0.7130
0.7132
0.7134
0.7135
0.7137
0.7139
0.7141
0.7142
0.7144
0.7146
0.7147
0.7149
0.7151
0.7153
0.7154
0.7156
0.7158
0.7159
0.7161
0.7163
0.7165
0.7166
0.7168
0.7170
0.7171
0.7173
0.7175
0.7177
0.7178
0.7180
0.7182
0.7183
0.7185
0.7187
0.7189
0.7190
0.7192
0.7194
0.7195
0.7197
0.7199
0.7200
0.7202
0.7204
0.7206
0.7207
0.7209
0.7211
0.7212
0.7214
0.7216
0.7217
0.7219
0.7221
0.7222
0.7224
0.7226
0.7227
0.7229
0.7231
0.7232
0.7234
0.7236
0.7237
0.7239
0.7241
0.7242
0.7244
0.7246
0.7247
0.7249
0.7251
0.7252
0.7254
0.7256
0.7257
0.7259
0.7260
0.7262
0.7264
0.7265
0.7267
0.7269
0.7270
0.7272
0.7273
0.7275
0.7277
0.7278
0.7280
0.7281
0.7283
0.7285
0.7286
0.7288
0.7289
0.7291
0.7292
0.7294
0.7296
0.7297
0.7299
0.7300
0.7302
0.7303
0.7305
0.7306
0.7308
0.7309
0.7311
0.7312
0.7314
0.7315
0.7317
0.7318
0.7320
0.7321
0.7323
0.7324
0.7326
0.7327
0.7329
0.7330
0.7332
0.7333
0.7335
0.7336
0.7338
0.7339
0.7341
0.7342
0.7343
0.7345
0.7346
0.7348
0.7349
0.7350
0.7352
0.7353
0.7355
0.7356
0.7357
0.7359
0.7360
0.7362